time for hessian:  24.922898
cutoff:  20
modes:  (4116,)
-6.25996360771e-15
2.60735378983e-15
3.90209933019e-15
5.37084521947e-15
6.76579508789e-15
7.83680424392e-15
0.00266505686547
0.0124864270613
0.0134818424224
0.0237721283103
0.026512578967
0.0356440617645
0.0485006503697
0.0576107373686
0.0628197575547
0.0931791838138
0.0952905299403
0.097960519134
0.110888459276
0.118984802743
0.122268764399
0.126520381368
0.13779762179
0.138753405108
0.15205669189
0.156208750797
0.161696541734
0.175375959816
0.197860035395
0.198570287566
0.209422639221
0.220686158304
0.230117588885
0.245947341649
0.254147292907
0.268912547398
0.292780673123
0.293601190836
0.297077151759
0.301327433847
0.315881414112
0.326099086099
0.341747770257
0.357167914108
0.369107488097
0.380434271116
0.385899947338
0.398379899487
0.418048659425
0.422481225559
0.425440343559
0.447999424649
0.457555861777
0.476695939491
0.484850621789
0.492726087085
0.509743168105
0.52453723434
0.53886424688
0.544134002594
0.556863585807
0.567613221993
0.584013161726
0.592369967525
0.602236937192
0.613340476848
0.620809459753
0.630105496356
0.634801570728
0.642804414396
0.652675068604
0.657405506246
0.695469719848
0.703680344813
0.711368676877
0.724989758976
0.731834441874
0.738258658131
0.753151344315
0.755733807568
0.761775056487
0.770203330704
0.779526883549
0.786884435563
0.813445887593
0.816302394986
0.825991686994
0.855878575018
0.86990166818
0.874385323268
0.885690732427
0.890197507094
0.907517679603
0.92444394888
0.940982464231
0.950016214721
0.966624005136
0.971415173222
0.97325872397
0.988041675416
0.99915529533
1.0023326006
1.01796857302
1.0345303981
1.04407569854
1.05110343612
1.07186621966
1.08184776479
1.09497723258
1.11960435725
1.13508744377
1.15121821411
1.1549905771
1.16965324134
1.18840553741
1.19969649044
1.20237250495
1.24613346719
1.2507239314
1.26201895579
1.27146160235
1.27422286389
1.28580920296
1.30506406371
1.3252902838
1.33185479247
1.34017765153
1.34550722583
1.35228859497
1.3597023602
1.36796025701
1.37724636153
1.39968859894
1.40625859641
1.42014215941
1.43005707999
1.44513483276
1.45415863502
1.47339680813
1.47771528408
1.48422886447
1.49147931992
1.50177684705
1.51047062708
1.52104922304
1.53600379352
1.55999728074
1.56424661439
1.58404524753
1.61685382576
1.62921192711
1.63915429104
1.64529437329
1.65259829924
1.65724465927
1.66537508688
1.66962460266
1.69096256481
1.69772670258
1.71466753118
1.7262333585
1.73155015901
1.74246818453
1.75967445121
1.76759862098
1.77456384748
1.77778482329
1.77848199533
1.79268212943
1.79790516065
1.81040267644
1.82937352996
1.83986201996
1.84726787765
1.85772172087
1.86235609581
1.87872705564
1.89132210098
1.89791484925
1.90386761766
1.90767634983
1.92556969742
1.93472474769
1.9409379792
1.94492197979
1.95853551596
1.96847366535
1.97459044446
1.97854062463
1.99097250353
1.99594255677
2.00946656485
2.02198399652
2.02685198978
2.03960197637
2.04973947173
2.06055413473
2.07978165491
2.08843978917
2.09754914802
2.10696106739
2.11429777411
2.11778239109
2.1252220454
2.1345121774
2.15016028749
2.16430103182
2.17292858723
2.19462459277
2.20632323054
2.21017606718
2.22989474825
2.23407361376
2.24375443078
2.25874807411
2.26148422788
2.26628497128
2.27162091309
2.30385560171
2.31140722887
2.32584033718
2.3288963653
2.33129430368
2.34537848649
2.35910126893
2.36662421594
2.37589025086
2.38954869571
2.40050832952
2.42041143853
2.42450956926
2.44364014793
2.44768001425
2.45270198437
2.46827624528
2.48053386514
2.48363879849
2.48668396898
2.50165981375
2.50762919858
2.51497900079
2.53788448987
2.54506023941
2.55563448855
2.56902530931
2.57018411713
2.58211905573
2.58692369272
2.5962983112
2.60327838771
2.61895944583
2.62594709456
2.63910652211
2.64301163597
2.65857793884
2.66696156353
2.67243185713
2.68468084168
2.69825729523
2.70684960653
2.70917824252
2.71951253715
2.72449523637
2.73979605482
2.7507070312
2.76387438967
2.7658297382
2.77310286687
2.77782888515
2.78945315691
2.79617325526
2.81967285144
2.82687091788
2.83698290661
2.84713693518
2.85723047091
2.86439649026
2.87662029821
2.88983087431
2.89253234451
2.89701605613
2.90988428807
2.91713517064
2.92470880877
2.93484157558
2.95524037329
2.96386537509
2.96615918545
2.97366386145
2.98552191131
2.99063937322
2.99468889047
3.00382131116
3.01660804224
3.02157764053
3.04345568266
3.04709920279
3.05733047147
3.0587698654
3.06995756792
3.08023118752
3.09220402417
3.09770558543
3.10772626939
3.11383735608
3.12161858275
3.12418169594
3.13115353409
3.14297758633
3.14476663972
3.16149187694
3.16560526473
3.18632593541
3.19328478502
3.20449389368
3.21882605256
3.22335667417
3.23251603159
3.24103845616
3.2426055417
3.2502766696
3.26162767511
3.26817982923
3.27436376885
3.28525691848
3.29057543586
3.30780306871
3.31581748705
3.32501658795
3.33127552122
3.33931289015
3.34378487514
3.34985830604
3.36981707898
3.37800450213
3.38229935432
3.39300857236
3.40293874703
3.40861081337
3.42150547653
3.42617554351
3.4364114732
3.44220355717
3.45053272888
3.4580476038
3.47187300575
3.48143164581
3.49446494266
3.50203161808
3.50571851771
3.51333142045
3.51447217056
3.52099234895
3.53174436334
3.53882571576
3.54822220132
3.55564088156
3.5608020385
3.56627248551
3.57669210499
3.58043816508
3.5854379385
3.59573873393
3.61182740901
3.62250364837
3.62382433367
3.6360102866
3.64138245548
3.64887734264
3.65669263545
3.65991676747
3.66564662077
3.67090229161
3.67709279628
3.68198437373
3.69524170916
3.70257652198
3.70961607382
3.71673053191
3.72697518259
3.73819401784
3.74940249299
3.75360856521
3.76428727192
3.76971337981
3.77385935701
3.77678162653
3.80043873378
3.8080168264
3.81576103712
3.81686070669
3.82026499615
3.82671514127
3.8351412243
3.84734578826
3.84794136763
3.85552950219
3.86710751642
3.87217857743
3.87732242811
3.88249217113
3.88598626618
3.89336957678
3.8972505484
3.90402564485
3.90898178015
3.91714637446
3.92451867096
3.93337149648
3.94005411974
3.94593596767
3.96247391856
3.96876687556
3.97371117557
3.97834774332
3.98688560205
3.98838480451
3.99118855007
4.00610422943
4.00949531805
4.01491840771
4.0228294544
4.02999998718
4.03398928386
4.04434406072
4.05194217809
4.06179491053
4.0684505767
4.07054757385
4.08063217884
4.08664134707
4.09195301618
4.09843643665
4.10994834025
4.11815826476
4.13234933866
4.13911303251
4.14544167524
4.14829070511
4.1581555581
4.16418892854
4.17204506037
4.17406316544
4.18061584781
4.18954266326
4.2000684848
4.20248440816
4.20794231204
4.20958572082
4.22509053842
4.23636666283
4.25056974363
4.25463233565
4.2612116529
4.26764181796
4.27251048031
4.27389360341
4.27641770572
4.28375784339
4.30222402212
4.31434411823
4.31646585582
4.3213219154
4.32692245095
4.33514493477
4.34500565542
4.35270433331
4.36455147519
4.36739791198
4.37082724709
4.38175790759
4.38472431353
4.38865662671
4.39689920174
4.40189073147
4.40795407173
4.41289041351
4.42328851317
4.43116097785
4.43703993992
4.45148251924
4.45498772987
4.45941390131
4.46557834979
4.47089470904
4.47331118332
4.4807784429
4.48407218659
4.490301883
4.49991299672
4.50189978744
4.50897987361
4.51755814803
4.52266972344
4.52926066924
4.53602595816
4.54062148488
4.54443849367
4.54907008241
4.5536209039
4.55845429046
4.57215860999
4.57325786627
4.57820560543
4.58332962987
4.58981966252
4.59801095914
4.6022519085
4.60629924224
4.61066670212
4.61382182207
4.61751017492
4.63642048422
4.6382434856
4.64713831167
4.6553467368
4.65830817495
4.66326655068
4.66927745058
4.67671974511
4.68513503676
4.68924449077
4.69215085541
4.69757168352
4.70165868941
4.70969814967
4.71247657512
4.71789863534
4.7185287188
4.72813638505
4.73658270232
4.73757391956
4.74401055603
4.75061348225
4.75917496849
4.76517115172
4.76667441184
4.77729803169
4.7831402366
4.78751802453
4.79520524302
4.79887332773
4.81259502152
4.81619481308
4.82331644485
4.8239109317
4.82848414227
4.83307907444
4.83732327647
4.8399718543
4.8428613827
4.84952233202
4.85227910727
4.85747912576
4.85925102041
4.86450259688
4.87512016586
4.87855621958
4.88439280262
4.89111880432
4.89510530326
4.90058835243
4.9040388121
4.90883369865
4.91147573678
4.92825757698
4.93120993955
4.93760005534
4.94451213844
4.94893345464
4.96066159986
4.96477564023
4.96833447528
4.97333439914
4.97849278707
4.98073588544
4.98925266463
4.99522639437
5.0006898235
5.00956330822
5.01687720094
5.02229730933
5.03192214413
5.03848085453
5.04135268011
5.04735843699
5.05496644171
5.05631525928
5.05802580708
5.06400273975
5.07032205724
5.08107231602
5.08791335183
5.09390588953
5.09482377396
5.10042698146
5.10774815807
5.10947851486
5.11572393891
5.12670506043
5.12908947786
5.13345157893
5.13833796828
5.14538086221
5.15848612768
5.17270631041
5.17465341773
5.17817267731
5.17902735076
5.18478015141
5.18978227855
5.19589773627
5.19896027695
5.20300136847
5.21414984279
5.2165528737
5.224255413
5.22883029016
5.23696392985
5.24560966504
5.24663223499
5.25416120481
5.2595066225
5.26542788726
5.26681871538
5.26983715047
5.27843151508
5.28365683058
5.28511060281
5.28876420179
5.29029440604
5.29939172196
5.30399469916
5.31152768323
5.31457818756
5.32111737286
5.33383683864
5.33642100391
5.3373843434
5.34450424101
5.34867348797
5.35301154094
5.36074974121
5.36465734798
5.36682206143
5.37701934372
5.37929080894
5.38477582204
5.39137026899
5.39499831318
5.40259293916
5.41825707622
5.42096427759
5.42141963092
5.42824554835
5.43225839152
5.44322145385
5.44607175105
5.45274252025
5.4539016824
5.45691609653
5.46297945917
5.46343299312
5.46878208896
5.47426035595
5.47965817352
5.48119583304
5.48822244524
5.50014199846
5.50824308402
5.51053047812
5.51416228221
5.51680387436
5.52159405632
5.5227875316
5.53328497585
5.53860510175
5.54470152311
5.54837482104
5.55361203592
5.55912301338
5.5656393561
5.57180246386
5.5747030892
5.5790493265
5.58305640575
5.58504546838
5.58711228122
5.59453446935
5.59963379249
5.60330544507
5.61421733356
5.61854572739
5.62076844463
5.62720137774
5.63431698453
5.64073835834
5.64606910148
5.65501351976
5.65879107819
5.6682751954
5.67161606879
5.67722519861
5.68228246782
5.69036082092
5.6908060954
5.69721699399
5.70232570079
5.70688416916
5.71072951845
5.71847826827
5.72385736819
5.72794244616
5.7316704171
5.73849863226
5.74203160134
5.74737704541
5.75321604104
5.75572759501
5.76178876997
5.7659588279
5.77630696933
5.77782117264
5.78429564979
5.78801958661
5.79358581638
5.79589424208
5.79892119968
5.8065398615
5.81239731535
5.81554861077
5.81983885184
5.82279459406
5.83121347127
5.83532656627
5.83716425017
5.84736218384
5.8489053111
5.85225774189
5.85663155281
5.86697111481
5.86779535852
5.87238005874
5.87936798974
5.88314211926
5.89396198664
5.89506936095
5.90044869889
5.91030126961
5.91459278527
5.92609009037
5.92636515421
5.93273641136
5.93362713785
5.93985889114
5.94460731498
5.95128468528
5.95459440422
5.95980350736
5.96466146647
5.96997736341
5.97834613993
5.97990917291
5.98345574849
5.98933328004
5.99765093321
6.00246384134
6.00780330945
6.01111703245
6.01591262891
6.0174401191
6.02657763238
6.03086126125
6.03554386965
6.03983279605
6.04405099971
6.04654872723
6.05218628895
6.05533725228
6.06317259328
6.06422340177
6.07068290218
6.07352274583
6.07638446241
6.08093767101
6.08525432683
6.08753049426
6.09372725194
6.09524092948
6.09973532464
6.10363980468
6.11107675537
6.11254014237
6.11769230491
6.1288696736
6.12955902159
6.13680781338
6.13829860953
6.14323743083
6.14839352646
6.15014190376
6.15537660943
6.1564641619
6.15962655859
6.161169617
6.16536045589
6.17517955097
6.17828439708
6.18204608789
6.1846296401
6.1851270641
6.18726096154
6.18979708404
6.19430095087
6.20159939302
6.20757854876
6.21016157351
6.21469787796
6.21963919919
6.22509060834
6.22556437826
6.22772371986
6.23829790588
6.24047191445
6.24220363274
6.24363111904
6.24708087632
6.2509759457
6.25751201038
6.26094704221
6.26544726826
6.27003648359
6.2736922355
6.27686747488
6.2824721248
6.28428167285
6.29015406739
6.29289556757
6.29625502511
6.30227156787
6.31127618291
6.31495141618
6.31607615684
6.31796916101
6.32508972689
6.3277615987
6.32914036739
6.337511157
6.34100171096
6.34300440952
6.34893237115
6.35807234825
6.36036091615
6.36189994359
6.37022515648
6.37505479716
6.37850539013
6.38316396351
6.38345047404
6.39484361431
6.39907106194
6.400397193
6.40657831379
6.41549091786
6.41824662671
6.4196353316
6.42250796383
6.42939143527
6.43322100567
6.43556864284
6.43930826261
6.43976028268
6.44469578743
6.45095096943
6.45400031918
6.46037204219
6.46532324452
6.4672214701
6.47061433852
6.47363227616
6.47900923121
6.48579280771
6.49192084396
6.49615193499
6.49940923198
6.50516646924
6.50898256184
6.51322104994
6.51896164272
6.52400413239
6.52849079616
6.53112943301
6.53837175594
6.54110980689
6.54258890235
6.54435791654
6.54897336666
6.5544662352
6.55723170267
6.55856817809
6.56383854946
6.56758901037
6.57528975667
6.57841681191
6.58190702398
6.58792905031
6.59053967871
6.59898187876
6.60117554942
6.60327313218
6.60734310058
6.61409020044
6.61859353061
6.62158404511
6.62318149296
6.62869375947
6.63349826232
6.63548440966
6.64668710325
6.64832812208
6.65326696905
6.65937157459
6.66382657449
6.66857649728
6.67129316784
6.67794991389
6.67843935458
6.68287990224
6.68794849934
6.69219657329
6.69491443135
6.70047834459
6.70518938297
6.70882271667
6.71715894793
6.71764540767
6.72179541287
6.72666174469
6.72937092553
6.734121525
6.74127135441
6.74904524985
6.75137275637
6.75442437945
6.75882405253
6.76316699592
6.765088443
6.77011859859
6.77124305776
6.77658946064
6.77942887026
6.78260712496
6.78700015214
6.78918655541
6.79501129623
6.79932141526
6.8056155275
6.80864991963
6.81623659585
6.82203742511
6.8301144863
6.83400144792
6.83704102928
6.84329767551
6.84390262174
6.84833921908
6.85805382615
6.86024687708
6.86540124826
6.87014562792
6.87453567495
6.87764550029
6.87879016419
6.8809093417
6.89091038114
6.89264338531
6.89371762527
6.8982382186
6.89902732291
6.90152556581
6.90774706649
6.91003046253
6.91393437428
6.9220532986
6.92592512819
6.93179489071
6.93618910825
6.93966182621
6.94272567526
6.94726420762
6.94951841357
6.95457432477
6.95688086545
6.96227110679
6.96340361608
6.96868033201
6.97378951556
6.97817972867
6.98084654367
6.98606486651
6.9875784351
6.9933762654
6.99788146587
7.00489341451
7.00614472659
7.01158623929
7.01280997089
7.01343527762
7.01530972196
7.02316083718
7.02753079409
7.0309741693
7.03375184382
7.03984838494
7.04810951461
7.05004785734
7.05226666137
7.05416795395
7.05815116917
7.0612486228
7.06705470774
7.0696707055
7.07269640075
7.07598804044
7.0815208948
7.08477148122
7.09086805874
7.0940140614
7.09533333754
7.09869600082
7.10229961897
7.105931644
7.10735662174
7.10986764237
7.1140946535
7.1197787536
7.12148814996
7.12564075208
7.13107835998
7.13586325978
7.14233699371
7.14442154498
7.14729583614
7.15029224438
7.15421789255
7.15719220822
7.16344878175
7.16863844806
7.17129855945
7.17424865049
7.17692236129
7.18374382851
7.18546704255
7.19652922144
7.20019838952
7.20235198837
7.20768965198
7.210521061
7.2137534835
7.21711663672
7.21807913637
7.22727164582
7.23118048439
7.23274442207
7.23722800885
7.23818922744
7.24453353641
7.24781534749
7.255664892
7.25841780821
7.26106151872
7.26290579301
7.26591998276
7.27047237877
7.27635504425
7.27970390337
7.28150123455
7.2908213061
7.29277358413
7.29559633279
7.2986880605
7.30253050969
7.30614666905
7.31297986817
7.31434278376
7.3168297019
7.31776281895
7.32170260861
7.32233109046
7.32793178295
7.33110322464
7.33671160035
7.34184853708
7.34479130396
7.3456765172
7.34968430434
7.3553138255
7.35826655488
7.35951693569
7.36716795615
7.37006071966
7.37132424018
7.37663751343
7.38021853818
7.38193778146
7.38819572666
7.392503255
7.39427499776
7.39935512799
7.40107675883
7.40280071942
7.40908742457
7.41248034016
7.4149415337
7.4221239472
7.42499763786
7.42727954937
7.43053537094
7.43582422099
7.43882982935
7.44123806699
7.44406042433
7.44509500236
7.45331235314
7.45454157368
7.4592989275
7.4632449056
7.46457623387
7.46774642029
7.47101284234
7.47973192039
7.48182467212
7.48454884634
7.48667058083
7.49448246721
7.4963816724
7.49848836767
7.5066291359
7.50822415969
7.51035332587
7.5143635084
7.51949231253
7.52089002012
7.52273492336
7.53166802566
7.53662914966
7.53981393841
7.54213646474
7.5453709933
7.54861544119
7.54971535853
7.55315215307
7.55821578071
7.5590179486
7.56224823105
7.56940194084
7.5711869802
7.57413798776
7.57739049446
7.58277957075
7.58761486226
7.59396375278
7.59653164095
7.59968036952
7.6019988148
7.60816161233
7.61578445808
7.61780186166
7.61885921279
7.62331386881
7.62904636125
7.6330350352
7.63801255077
7.64506660544
7.6461220125
7.64890870765
7.65276733084
7.65546926595
7.66158962827
7.66812674037
7.66988771868
7.67083029625
7.67237180907
7.67802075022
7.68582293293
7.68879312945
7.69156102879
7.6964376942
7.69700100871
7.70170704906
7.70876662036
7.71149813886
7.71274542147
7.71743590849
7.72056434731
7.72236353129
7.72845340228
7.73007394382
7.73348511764
7.73606411047
7.74083999692
7.74246183574
7.74483625298
7.74646058503
7.75370376902
7.7556551057
7.75776412918
7.76094195406
7.76410982424
7.77125511892
7.77633414266
7.77727666569
7.77985656761
7.78385937479
7.78549597582
7.78973923723
7.791569004
7.79727366468
7.7988162009
7.80851156336
7.81320729706
7.81581274221
7.82112973232
7.82497606279
7.8274018822
7.83168652847
7.83309945347
7.83742130166
7.83908922863
7.84540803908
7.84897940357
7.84971533235
7.85422579368
7.85496454064
7.85726386369
7.86335390658
7.86751452385
7.86828016673
7.87077447369
7.87798986025
7.88435600876
7.88697606149
7.88975233188
7.89422798327
7.89641111606
7.90013365694
7.90491223925
7.90649901626
7.90929536052
7.9148221493
7.91766383133
7.92204488664
7.92398527395
7.92873515396
7.93073774503
7.93393797345
7.93750372534
7.94144668336
7.94574478385
7.94831198803
7.94951956586
7.95345183611
7.95606868933
7.95799285814
7.96534575983
7.96729126409
7.97191366021
7.9728938345
7.97579881032
7.98222296398
7.98733388181
7.99072025367
7.99181509317
7.99584953866
7.99950851029
8.00215218145
8.00520560361
8.00719645775
8.00811593255
8.01106519588
8.01735659712
8.02054094129
8.02169507595
8.0325954569
8.03678483195
8.03701123322
8.04017095926
8.04286940104
8.04469516744
8.04799926731
8.05339336494
8.06417798392
8.06532347066
8.0673689329
8.0702368268
8.07356239155
8.07647054293
8.07849624415
8.08369711612
8.09090400726
8.09248732226
8.09958699432
8.10576851744
8.10666923417
8.10824952086
8.11186454055
8.1151061429
8.1217474322
8.12551696681
8.12823298023
8.1305190387
8.13459891507
8.13823138632
8.14147805812
8.14862293339
8.15232841171
8.15477692651
8.15839262381
8.16592126749
8.1675820627
8.17154409394
8.17363889474
8.17873100526
8.18183757266
8.18244040327
8.18422861157
8.18616837623
8.19188483003
8.19640432123
8.19847436351
8.20332998027
8.20688990571
8.21121478844
8.21311510112
8.22093157713
8.22217194991
8.22522546841
8.22863539987
8.23494902407
8.23598344008
8.23894147901
8.24083774856
8.24813046757
8.24893729095
8.2535975131
8.25548600165
8.26144510125
8.26560381607
8.2667629826
8.26792547436
8.27394786877
8.27736854366
8.27948398885
8.28335616584
8.28616103073
8.29125271125
8.2962768504
8.29984837092
8.30326326505
8.3068587172
8.30924651781
8.31014871449
8.31484697575
8.31591707375
8.319668878
8.32295554024
8.32664046164
8.33165940859
8.33477873176
8.33829162104
8.34086959366
8.34256623948
8.34503763628
8.34938301062
8.35477961071
8.35884883513
8.35996926957
8.36493352993
8.36752557863
8.37294650954
8.374710528
8.37895072875
8.37978958629
8.3838696332
8.38725448271
8.39240690642
8.39293952319
8.39805505014
8.40403633958
8.40627650704
8.40935277768
8.41808563329
8.42226855762
8.42458293554
8.42910256031
8.4333378145
8.43478625552
8.43615385408
8.44080971016
8.44347684457
8.44907421728
8.45033625331
8.45191757226
8.45978644165
8.4678303305
8.47218232334
8.47369035707
8.47876362958
8.4805326457
8.48898580382
8.49203305691
8.49943943682
8.50100696085
8.50400597293
8.50586828168
8.50976308673
8.51279375959
8.5140449348
8.51970581524
8.52219116153
8.53381587577
8.53555882389
8.54071697477
8.5439046834
8.54779717677
8.55080631924
8.55352964492
8.55914935358
8.56164601632
8.56609646635
8.57109930133
8.57709966274
8.57779131928
8.57906678589
8.58112901717
8.58444611466
8.58776907022
8.58965505787
8.59283466461
8.59767401594
8.59954516359
8.60182000069
8.60644329429
8.60913446009
8.61474611042
8.61751420182
8.62136176404
8.62570878217
8.62765526221
8.6314033053
8.63738207376
8.63948653461
8.64407604103
8.64877487392
8.65009340531
8.65642151054
8.65948010977
8.66351912163
8.66667928956
8.66710160513
8.67268047336
8.67613443213
8.67756659871
8.68269490066
8.68445484184
8.69355187565
8.69654240189
8.70452430172
8.70638629057
8.70870366586
8.71220446188
8.71449908119
8.71657333083
8.72100492183
8.72538919003
8.72675544032
8.72866701953
8.73464573069
8.73525678553
8.73768489548
8.74545107534
8.74595367722
8.74967273643
8.75472565447
8.75730977773
8.75907386176
8.76208682599
8.76268085004
8.76789267885
8.77086765074
8.77592694468
8.78304249109
8.78525769681
8.78902134538
8.79115410838
8.79247356587
8.79620972059
8.79735187132
8.80232963531
8.80644185281
8.80989012313
8.81282064199
8.81738786422
8.82386820353
8.83096291172
8.83288631858
8.83860349375
8.84139702147
8.84198627019
8.85000492626
8.8532459049
8.85429437162
8.86075310023
8.86509605383
8.86861052694
8.87428641111
8.87620775586
8.88003716544
8.88390776108
8.88611844003
8.88749618053
8.89022989159
8.8936144963
8.9029945403
8.90618271233
8.90743278178
8.91130438117
8.91335308982
8.91756372852
8.92197620453
8.92461521736
8.92614569685
8.92772054791
8.93557042005
8.94130423414
8.94356600517
8.94572575595
8.95560041119
8.95800029236
8.96089980144
8.96395979775
8.96551137272
8.97131978084
8.97326520979
8.98218508511
8.98475655978
8.99310556111
8.99640836279
9.00147368764
9.00199610176
9.00488899214
9.00617749684
9.01015681689
9.01361433018
9.01447685777
9.01755325822
9.02032158793
9.0233215512
9.02711213814
9.02784317046
9.03489835396
9.04047021151
9.04479530198
9.04876348068
9.05503082482
9.05777443315
9.06015960667
9.06330339991
9.06392434304
9.07051985233
9.07722990074
9.08002185216
9.0836905573
9.08566800389
9.08646199118
9.090655971
9.09318831946
9.09543956223
9.09798246935
9.10338832134
9.10769324777
9.10933137339
9.11429435134
9.11901443388
9.12178379417
9.12454804693
9.12904296313
9.13346701561
9.13446112478
9.145912402
9.1486015805
9.15010942063
9.15452542899
9.15616108642
9.15952031795
9.16485772661
9.17048748746
9.17449820396
9.17628788593
9.17893473094
9.18017205781
9.18548923988
9.18914239288
9.19242466086
9.19946541331
9.20097612716
9.20190430919
9.20638678651
9.20889824771
9.21638962833
9.22109686037
9.22289836438
9.22692220195
9.22804870591
9.2366040937
9.23860597071
9.24136774187
9.24195739984
9.24394457727
9.24983715364
9.25021287566
9.25379952311
9.25792155911
9.26082176903
9.26399912249
9.26524168496
9.26684548124
9.27110023007
9.27629762611
9.27976542588
9.28116722643
9.2828752139
9.2876557094
9.29124848114
9.2935131445
9.30006661488
9.30089712066
9.30886051827
9.31130973642
9.31629828459
9.3202936581
9.3224731797
9.32858687618
9.33355978371
9.33516374599
9.33839132908
9.34449443777
9.34608875061
9.3474269422
9.35218205965
9.35790652979
9.36267514188
9.36527550026
9.37332893593
9.37555861528
9.37692566221
9.38058483708
9.38630526991
9.38967666929
9.39109452859
9.39644762853
9.39865096132
9.4006718663
9.40298535752
9.40576234957
9.40933542522
9.41261964966
9.41841140305
9.42022955987
9.42304046869
9.42745199263
9.42859841059
9.43808441289
9.44080142782
9.44432597367
9.44597469139
9.44930182139
9.45065184462
9.45394616532
9.45951676703
9.46367843953
9.46866924086
9.47006221812
9.47497826722
9.47712449363
9.48162397904
9.48491645217
9.48728616383
9.48925299931
9.49391448685
9.5015698254
9.50672959015
9.51007446357
9.51067126209
9.51605009474
9.51894733036
9.52405337482
9.52531558016
9.53081189368
9.53402483471
9.53755424983
9.54098201936
9.54525053798
9.55281525613
9.55609105781
9.55679036856
9.56378733115
9.5649851501
9.56905827197
9.57102395841
9.57557424008
9.57956345026
9.58263431781
9.58518671479
9.59059507378
9.59186556
9.59488617212
9.59793371063
9.60191782678
9.60730603646
9.61313120075
9.61668010912
9.61963382369
9.6223581682
9.62623097786
9.62973736492
9.63606587656
9.63747455635
9.64098015352
9.64451660185
9.64837549029
9.65220546972
9.65325042434
9.65867992303
9.66229220483
9.66561441505
9.6714145719
9.67406836396
9.6768037043
9.68238147674
9.68492471601
9.68741602657
9.68793745995
9.69098595068
9.70083671387
9.70461893668
9.70552024015
9.71078517866
9.71427747293
9.72065421426
9.72166315991
9.72534984889
9.73136603479
9.73296824493
9.73947248845
9.74167713711
9.74553057984
9.74999349333
9.7540493601
9.75588355679
9.76379817996
9.76558170095
9.76809039649
9.77308559994
9.77483224019
9.78180645971
9.78254172097
9.78392103715
9.79179924691
9.7927504466
9.79511759725
9.80025975585
9.80206474594
9.80637303711
9.81075942552
9.81529979116
9.81796011437
9.82045358235
9.8216123725
9.82528277459
9.82814443609
9.83605246101
9.83840129729
9.84189728555
9.8450713975
9.84723403718
9.84863762961
9.85409325403
9.86017911334
9.86415436179
9.86903654854
9.87682007716
9.87809737393
9.88486248591
9.89032781946
9.89352470692
9.89513057905
9.89886737374
9.90394756832
9.9063437552
9.90833382385
9.91487973982
9.92186660878
9.92381036437
9.92720602833
9.93039898727
9.93161675794
9.93615762615
9.94431038266
9.95010312142
9.95444736502
9.95631600152
9.95857491086
9.96314138873
9.96487702714
9.97029957167
9.97285306632
9.97864078275
9.98008577081
9.98689671592
9.98721975275
9.99003921185
9.99612553736
10.0016285581
10.0054268354
10.0086113623
10.0101358357
10.0126157863
10.0167500074
10.0238859796
10.0296864264
10.0335871475
10.03428556
10.0386774262
10.0415373388
10.0471245376
10.0527668269
10.0583271261
10.0618084108
10.0622867968
10.0661986258
10.0679450058
10.0713677528
10.0764222594
10.0830897682
10.0848751331
10.0901272984
10.0937297108
10.0991509923
10.1048568628
10.1117338642
10.1127426784
10.1161891709
10.1222310204
10.1249892782
10.1309272725
10.1321520121
10.1375098855
10.1404048451
10.1419413955
10.1472035445
10.1562689448
10.1565765394
10.1590831585
10.1635256167
10.1679160538
10.1739336535
10.1751641951
10.1768294054
10.1861418545
10.1882380657
10.191937324
10.1953238715
10.1967738046
10.2050079621
10.2060609418
10.2113624423
10.2137473079
10.217124412
10.2215208398
10.2272653054
10.2302905751
10.2363583413
10.2415086273
10.2430605731
10.2518393938
10.2556508565
10.2592001734
10.2648554358
10.2669746232
10.269597715
10.270933623
10.2781191101
10.2812551461
10.2851682793
10.287598975
10.2901592624
10.2942104561
10.2992104303
10.3005870906
10.3038569201
10.3075800002
10.3105766622
10.3150424233
10.3165091804
10.3196182938
10.3281886069
10.3329284146
10.337102869
10.3385188723
10.3398849112
10.3449087128
10.3478081646
10.3530357857
10.354705079
10.3567056127
10.3609733208
10.3649619646
10.3701185609
10.3735981708
10.3779594798
10.3799679016
10.3828299603
10.3870834278
10.3896475881
10.3931446847
10.3938972056
10.4027022725
10.4066736334
10.4087886247
10.41358457
10.418276429
10.4229089206
10.4266364922
10.4291099
10.4317502037
10.4343547616
10.4376877273
10.4401002625
10.4476972767
10.4540805852
10.457197113
10.4598675755
10.4609390715
10.4657896826
10.4666752666
10.4726022913
10.4784448172
10.484337223
10.4856116616
10.4889307938
10.4924861088
10.4930995125
10.4960397353
10.5043797475
10.5119075473
10.5140395461
10.5165854006
10.5195195768
10.5200722631
10.5272549027
10.5340268732
10.535984927
10.5384126295
10.5436783405
10.5446309341
10.5520345007
10.5564803049
10.5571165819
10.5654121868
10.5655038812
10.5727589382
10.5741799985
10.5761363565
10.5831679941
10.5864132969
10.5905157913
10.5919773835
10.5931967136
10.598269928
10.6015673141
10.6045310878
10.6150129035
10.6226954387
10.6252570398
10.6285214542
10.6307634952
10.6375901059
10.6401692914
10.6434719704
10.6474330561
10.6489151204
10.655739019
10.6604355688
10.6648136646
10.669648101
10.6768036311
10.6809209485
10.6820530289
10.6860094168
10.6915759206
10.6937676449
10.6976260717
10.6988300008
10.7035850583
10.7078636233
10.7137216537
10.7187466405
10.7220789679
10.7261797982
10.7300636361
10.7326543452
10.7355377095
10.7408657601
10.7450223591
10.7507365641
10.7521059726
10.7589842198
10.7618343418
10.7657547039
10.7684769274
10.7708049529
10.7748208112
10.7788070973
10.7849921188
10.7874178863
10.7897652217
10.7939663793
10.7998207973
10.8034482104
10.8070922993
10.81170609
10.8138166274
10.8181814795
10.820689599
10.8235293887
10.8286664226
10.8343852553
10.8385179015
10.8444989146
10.8465869045
10.8500841344
10.8550960463
10.8589285406
10.8621110515
10.8658366063
10.8712612923
10.8720241474
10.8799073805
10.8827842758
10.8856891131
10.8883693622
10.8917283656
10.8979338706
10.9019887141
10.9038038675
10.9061434303
10.9114198753
10.9151954159
10.9187697988
10.9226368116
10.9303873889
10.9323726028
10.9344053647
10.9362480373
10.9369674316
10.9455744159
10.9476349403
10.9509994609
10.9541592626
10.9576145024
10.9600765051
10.9649316723
10.9669529038
10.9723802826
10.9787079027
10.9802807617
10.9842457841
10.9873820183
10.9904644549
10.9919227586
10.9953259929
10.9973457634
11.004364931
11.0099365828
11.0125490705
11.0175299571
11.0188739006
11.0215552605
11.0263872692
11.0329173848
11.0345681098
11.0348285759
11.0394612178
11.0469761586
11.0510732918
11.0553092233
11.0559851148
11.0603526742
11.0665662844
11.0714663489
11.0721649027
11.0797467771
11.0820281961
11.0841673883
11.0877086216
11.0969461649
11.1015164263
11.1075819533
11.108877959
11.1129383533
11.1175916707
11.1188344225
11.1224599859
11.131968388
11.1354344816
11.1414113994
11.1436362604
11.1512499855
11.1513603828
11.1539205063
11.1595332596
11.1610199863
11.1650029189
11.1679884351
11.1717811873
11.1807627752
11.1851764414
11.1875311243
11.1909790557
11.192179369
11.1993003434
11.2021794173
11.2060609445
11.2065467302
11.2136586461
11.2180113936
11.2242856825
11.2250911962
11.2278328558
11.2308936444
11.2377927666
11.241662823
11.2425611116
11.2459349062
11.2479319154
11.2554643471
11.2622317389
11.2665845987
11.2719343403
11.2742061781
11.2817956421
11.2838545509
11.2899356857
11.2924446642
11.2942597609
11.2951824246
11.3027571859
11.3052487422
11.307815372
11.3100482244
11.3221537072
11.3230590302
11.3262003825
11.3288829942
11.3330917322
11.3413386114
11.3461677182
11.3487127084
11.350191659
11.354938805
11.3593939741
11.364638289
11.3675316993
11.3682625573
11.3726047089
11.3744539448
11.3815042807
11.3858260138
11.3903347341
11.3939667423
11.397561861
11.3988068455
11.4025777093
11.4090237576
11.4113470812
11.4162403797
11.4234272116
11.4265816872
11.4286237013
11.4332420505
11.4352597467
11.4420833946
11.4457101554
11.4497134321
11.4508098359
11.4577134223
11.4619484409
11.4685033185
11.4708775861
11.4742462769
11.4808883059
11.4869946121
11.4905189063
11.501102849
11.5040705327
11.5082321758
11.5092463372
11.5127378396
11.5182082483
11.5189986409
11.5240502358
11.5291272108
11.5337688695
11.5371021258
11.5391230779
11.5409389429
11.5439695305
11.5494420148
11.5536319091
11.5548107297
11.5607482195
11.5619511766
11.5676168468
11.572046182
11.5802788737
11.5829670706
11.5859053555
11.5941144857
11.5963338243
11.5974420783
11.6026319468
11.6064085806
11.606818582
11.6088595063
11.6159923054
11.617210056
11.6256497836
11.6269438857
11.6344661252
11.6356987021
11.6401568127
11.6438056949
11.647585989
11.6553435967
11.6580779817
11.6630816333
11.6658490693
11.6711738651
11.6773554883
11.6793763687
11.6870596306
11.6898351921
11.6979724062
11.7037821263
11.7055587587
11.7077079517
11.7145246679
11.716392892
11.7180280251
11.7237758254
11.7265757879
11.7288694258
11.7363786757
11.7384211054
11.7425814213
11.7452530748
11.7505536319
11.7543641423
11.7601059528
11.7623310117
11.7668184743
11.7723036288
11.7775090284
11.7811068593
11.7859662849
11.7893648883
11.793257353
11.795780283
11.8018679531
11.803901897
11.8061122144
11.8100633288
11.8165962345
11.8191500772
11.8201873413
11.8297883646
11.8318724633
11.8357517568
11.837061579
11.8415366692
11.8456347943
11.8468434456
11.8530596932
11.8581192861
11.8602445526
11.8650845643
11.8657918831
11.8709229194
11.8718491278
11.8772625852
11.8875341799
11.8893435391
11.8918577814
11.8949678282
11.8976613453
11.9014812607
11.9032738807
11.9068562209
11.9144523343
11.9191185708
11.9204318811
11.9247053466
11.9300950091
11.9317437843
11.9367596069
11.9381811361
11.9413139875
11.9453301418
11.9492913113
11.9510347898
11.9583437327
11.9613085459
11.9653057269
11.9704832631
11.9770546975
11.9851840635
11.9887315993
11.9937382822
11.9944393364
12.0003775773
12.0049520936
12.0074979109
12.0104817647
12.0136075773
12.0175690391
12.0237086334
12.0275319441
12.0305004556
12.0361905344
12.0415450482
12.0470705152
12.0485473134
12.0517762696
12.0539690361
12.0616063532
12.0679721754
12.0700135281
12.0738450124
12.075669208
12.079213804
12.0852495037
12.0887413596
12.0908061113
12.0934908527
12.0962409284
12.0986538256
12.1056790899
12.1076392252
12.1166220734
12.1195858011
12.1234165367
12.1266508471
12.1290074798
12.1320315864
12.1381807974
12.1386646198
12.1450350103
12.145305149
12.1477746543
12.1513111155
12.1567537606
12.1602197978
12.1669384004
12.1675380365
12.1702934508
12.1775687751
12.1809785767
12.1908179002
12.195547136
12.1992969561
12.2014891849
12.2062442233
12.2082943675
12.211902221
12.212794248
12.2159325104
12.2207406381
12.2229630449
12.227465196
12.2327359755
12.2374337723
12.2407040607
12.244971102
12.2454431209
12.2535148876
12.257135464
12.2657489208
12.2667188398
12.2715155208
12.2745548881
12.2766565001
12.2818324484
12.283363482
12.2869857705
12.2933517528
12.297315752
12.3013647003
12.3033945057
12.3065756829
12.3176567978
12.3188830521
12.3206001665
12.3275301458
12.3312271487
12.3341336454
12.3397150543
12.3426309629
12.3445581344
12.346291955
12.3528820551
12.3568860587
12.3631257482
12.3633889789
12.366627354
12.3729585142
12.3765337835
12.3820858723
12.3851089195
12.3906250358
12.3971631892
12.4012586854
12.4032431686
12.4058868958
12.4085321665
12.4121243357
12.4209391175
12.4234032243
12.4286069648
12.4325742831
12.436002012
12.4376142035
12.4429715043
12.444382703
12.447047903
12.4512752654
12.4599658869
12.4633686132
12.4651523999
12.470091983
12.4755255235
12.4815553089
12.4825672328
12.4887415973
12.4903557515
12.4949094228
12.5034616919
12.5043019362
12.5083500522
12.5112648802
12.5157485837
12.5204096406
12.5235215892
12.5276569743
12.5335869351
12.5364699227
12.5388163107
12.5404472359
12.5477988756
12.5510747954
12.5543365477
12.563621574
12.5662183781
12.5702483512
12.5764966814
12.5796158671
12.585388546
12.5897941893
12.5963912107
12.5977336488
12.6007001653
12.6061361241
12.6086274965
12.6118009583
12.6132520591
12.61751181
12.6215602129
12.6234941599
12.6303237339
12.633589568
12.6388017638
12.6401017169
12.6449874279
12.6527710859
12.6551579187
12.6583727484
12.6622092818
12.6659341786
12.6728285143
12.6756283822
12.6793746633
12.6846948076
12.6891312125
12.6946474688
12.6992629554
12.7034794063
12.7051510307
12.705496554
12.7118787547
12.7180362321
12.722317151
12.7256147005
12.7288289042
12.7303367015
12.7351224522
12.7397335959
12.7430205708
12.7508112439
12.7559214056
12.7595061863
12.7611039937
12.7631980999
12.7656880257
12.7696438044
12.7755762477
12.7807146444
12.7830207744
12.7922888542
12.7975582145
12.8054318239
12.8059862204
12.8150574439
12.8179877913
12.8236163307
12.8246360892
12.8250712388
12.8325572964
12.8388245162
12.8404229914
12.8458539064
12.8494014892
12.8542960915
12.8583603997
12.8646952243
12.8650829979
12.8729695655
12.8738991233
12.8784732545
12.8808941929
12.8827143186
12.8851811269
12.8882029244
12.8921216701
12.8959368685
12.9065237627
12.9093318356
12.9098409593
12.9118154449
12.9163722046
12.9211119385
12.9234933913
12.9280744231
12.9327569483
12.9374905495
12.9402738902
12.9471253768
12.9517363335
12.9539415958
12.9579221788
12.9625705865
12.9630490965
12.973351213
12.9758811737
12.9803185591
12.9833783229
12.9964171854
12.9974787503
13.0011700249
13.0014677621
13.0078937792
13.0123871712
13.0173279262
13.0234058097
13.0261009223
13.0333712326
13.0346032269
13.0407110906
13.0470065742
13.0534471204
13.0568571547
13.060568129
13.0632317493
13.0690840646
13.0714454277
13.0778374105
13.0815426653
13.0821957437
13.0904199835
13.0936866717
13.0952906618
13.1017963229
13.1089079515
13.11472284
13.1156297081
13.11804505
13.1207233731
13.1247297714
13.1304697068
13.1331966865
13.1355384469
13.1372289902
13.1463814626
13.1513600887
13.1544564644
13.1592132587
13.1685336451
13.1729670194
13.1776834235
13.180032229
13.184157294
13.1875197535
13.1900918
13.1952802291
13.2000368421
13.2051054193
13.2094787017
13.2166472472
13.2237437791
13.2260981935
13.2307675227
13.2344005174
13.2375404633
13.2427990989
13.2467660431
13.2522132911
13.2550559856
13.2609213948
13.2625867885
13.2681320029
13.2713605479
13.2772350015
13.2815155003
13.2849033602
13.2888967923
13.2893895833
13.2946903048
13.2976497128
13.3025670347
13.3050409206
13.3113672601
13.3167450262
13.3218271735
13.3303469761
13.3324662584
13.3347392661
13.3453671119
13.3476733565
13.3527858726
13.3597814378
13.3613224121
13.3641614488
13.3689942645
13.3733023615
13.3779060501
13.3794751711
13.3801312327
13.3831445394
13.3951598617
13.3964001272
13.4014668007
13.4053188057
13.4135868442
13.4162829513
13.4224634329
13.4242680519
13.4259232221
13.4301795646
13.4329829828
13.4356833337
13.4435270084
13.4477576474
13.4525044974
13.455624659
13.4573989597
13.4601785146
13.4707956035
13.4739299593
13.4766083412
13.4779733628
13.4860115032
13.487989793
13.4966186758
13.4970859971
13.5028286012
13.5063767581
13.5134221681
13.5138646031
13.5183430258
13.5198451001
13.5303963137
13.5346959918
13.5367243822
13.5409838556
13.5452609426
13.5553884707
13.5562284556
13.5591998342
13.5647535204
13.5679118359
13.5703017989
13.5771460949
13.5803224987
13.5870461566
13.5892434359
13.5919150567
13.5971106717
13.6011630392
13.6043579257
13.6113948862
13.6121155397
13.6161165974
13.622414561
13.6277984444
13.6326755475
13.6352788429
13.6363410711
13.6431720897
13.6442336658
13.6531296099
13.6554350596
13.662664539
13.6702017553
13.6714116398
13.6752523518
13.6804242241
13.6842740522
13.6868555519
13.6886109359
13.6935085933
13.697349618
13.7039849556
13.7062083502
13.7105970116
13.7142390239
13.7172452596
13.7249484973
13.7270914476
13.731153778
13.7358298356
13.7411118936
13.7461970978
13.7517017618
13.7549536806
13.7632481447
13.7682454504
13.7747666586
13.7777870744
13.7852234626
13.7922475635
13.793779657
13.7989267581
13.80509783
13.8091197669
13.8126106314
13.8210499152
13.8283786508
13.8297996383
13.8319582975
13.8360040412
13.8426824013
13.8471504697
13.8494150502
13.8539989615
13.8585316668
13.8684238737
13.8729319135
13.8749978337
13.8793206916
13.8810101932
13.8893568957
13.8913720656
13.8937759113
13.8998073181
13.9037829474
13.9099461995
13.9106159568
13.9139082634
13.9246654007
13.9273868935
13.9337984466
13.9395036346
13.9430741649
13.9448940205
13.9503088829
13.9550521836
13.9571501777
13.9593962586
13.9721296449
13.9728225719
13.9775522094
13.9824146808
13.9874996888
13.9893252271
13.9941640603
13.9965311689
14.0056152895
14.0062312929
14.012346697
14.0135684168
14.0201654559
14.0252965732
14.0343031
14.0380849524
14.0446552347
14.0503985087
14.0571366199
14.0612266676
14.0615802866
14.0693438923
14.0727627058
14.0745429177
14.0804139439
14.0886824362
14.0917766323
14.0948286266
14.1005322825
14.107486649
14.110043277
14.1132343885
14.1160330056
14.1224497222
14.1234743689
14.1261206821
14.1360761039
14.1396389231
14.144105104
14.1488947448
14.1515465108
14.1561845002
14.1647607524
14.1685234989
14.1749438738
14.1797039869
14.182609738
14.1885056197
14.192680388
14.1965162902
14.2055753191
14.2104135272
14.2126452799
14.2159147404
14.2200735502
14.2258350614
14.2279770509
14.235986082
14.2404110725
14.2418017901
14.2438350512
14.2460714678
14.2495167489
14.2569964828
14.2635639431
14.2675910034
14.2723297114
14.2789585852
14.2826119057
14.2871920735
14.2923478109
14.297135756
14.3068675491
14.3131047324
14.3161004928
14.3222178169
14.3262945288
14.3285789801
14.3355568
14.3376058845
14.343364286
14.3480636062
14.3509821823
14.3552183636
14.3596936097
14.3641705953
14.3689861739
14.3750100972
14.3784479266
14.382174833
14.3829163401
14.3937009127
14.4005763108
14.4065701542
14.4078602948
14.4142938752
14.4162734132
14.4194014614
14.4236766419
14.4304848457
14.4343806319
14.4354060714
14.4417822824
14.4453823571
14.4491303915
14.4564837663
14.4591486868
14.4660258761
14.4727261707
14.4751421302
14.4826577098
14.4846950755
14.4886374727
14.4973847209
14.5028668416
14.5067910962
14.5100725673
14.5136813192
14.5222268921
14.5263092922
14.5294035398
14.5364668915
14.5423488738
14.5469379013
14.5519474998
14.5531446907
14.5634218997
14.5659515281
14.5706455894
14.5749342296
14.5789360056
14.5835601599
14.5884172268
14.5940273942
14.5994062088
14.6028441407
14.6098445855
14.6147697258
14.6153393069
14.6184222234
14.6288966858
14.6369594228
14.6417174779
14.6460733873
14.6481089862
14.6579687746
14.6599188328
14.6631482623
14.6681629863
14.6726055805
14.6754450895
14.6797388163
14.6879455593
14.6911785848
14.6956292672
14.7004740526
14.70544556
14.7148043408
14.7169781885
14.7177065783
14.7208918014
14.7287328003
14.7300333101
14.7345587785
14.7414286086
14.7463662062
14.7501537748
14.7551056866
14.7657558417
14.7686655485
14.775301606
14.7789529948
14.7817577182
14.7850454927
14.7922508204
14.7980421451
14.8037250094
14.8100764743
14.8121652003
14.8137792673
14.8212257517
14.8263122169
14.8306463198
14.8367709938
14.8479557527
14.8499057897
14.8538717709
14.8582786908
14.8611380696
14.8637944452
14.8715108429
14.8779509325
14.8839419227
14.8873081404
14.8899434314
14.8952209781
14.89992952
14.9039966046
14.9126612316
14.9207498581
14.9247829208
14.9348948432
14.9380807464
14.9405896011
14.9446997152
14.9470015488
14.9495305049
14.9573060607
14.9610941738
14.9705267942
14.9743120174
14.9770468032
14.9844447413
14.9859799963
14.9897849576
14.9934554377
15.0025807613
15.0055459957
15.0098821709
15.0140436558
15.0148616835
15.021546985
15.0244148103
15.0296212061
15.0320246534
15.0404353627
15.0482011746
15.049060278
15.0564561613
15.0608536043
15.06485911
15.0698433873
15.0719571755
15.0796510905
15.0801849108
15.0881272476
15.09157988
15.0971774461
15.0972123212
15.1043227122
15.1133904654
15.1148032028
15.1206793418
15.125443105
15.1308271719
15.1324683041
15.1376030597
15.1438277359
15.1461269493
15.1490657797
15.1523046839
15.1636573104
15.1665459446
15.1669733507
15.1764058572
15.1795635035
15.1840422223
15.1876851514
15.1915371726
15.1963367191
15.2010233516
15.2079155226
15.2095268488
15.214339327
15.2213732457
15.2246660907
15.2297181104
15.2381197643
15.2407250432
15.2443476514
15.2509943122
15.256781871
15.2686063555
15.2733740183
15.2777289879
15.2864567526
15.2885527484
15.2933718506
15.3025507039
15.3071313814
15.3084422308
15.3123557079
15.3184276117
15.321848602
15.3284679398
15.3321044555
15.3371186646
15.3447820277
15.3507525629
15.3587032461
15.3633029959
15.3662151306
15.3746419957
15.3796986659
15.3830264592
15.3848213743
15.3954286293
15.3992877762
15.4038656353
15.4077122056
15.4136202861
15.4195576832
15.4225510878
15.4250977375
15.4320344222
15.4413666524
15.4446766751
15.4504404757
15.4587130985
15.4670158838
15.4702193083
15.4739843374
15.4796285715
15.4869969565
15.4907514291
15.4932446037
15.4980442836
15.5012692193
15.503619518
15.506975791
15.512049821
15.5221634669
15.5240948071
15.5311699094
15.5363617545
15.5436270144
15.5463026302
15.5485756866
15.5571238311
15.5602102102
15.566422335
15.5679129494
15.5780680918
15.5786246581
15.5840857762
15.587056458
15.5954447435
15.6006041851
15.6060433931
15.6143766466
15.618909416
15.6214156089
15.6266184042
15.6289955317
15.6346537561
15.6383412363
15.6440967185
15.647463332
15.6506590658
15.6580120519
15.6644158808
15.6671305317
15.6727282022
15.6767582624
15.6784765889
15.6813875673
15.6875970034
15.6917718627
15.698419769
15.7029284428
15.7097324754
15.7123159649
15.7193538559
15.7207024568
15.7263966479
15.7302255203
15.7339858103
15.740601092
15.7497456897
15.7525136094
15.7614107394
15.767007726
15.7682540177
15.7726341062
15.7807996268
15.7876837173
15.795006228
15.8025564158
15.8076567526
15.8132531506
15.8141347307
15.8197939542
15.823725976
15.830359009
15.8411076687
15.8489558982
15.8533760936
15.8570511462
15.8604436665
15.862606038
15.8725271112
15.8782828654
15.8835687547
15.8869289465
15.8904391719
15.8919168821
15.9037254955
15.9101310568
15.9160952235
15.9195896406
15.9231410586
15.9259631793
15.9323596782
15.9362970178
15.9408739296
15.9487880386
15.9584242945
15.9618808411
15.9689038752
15.9713006026
15.9767275566
15.9842907872
15.9866535479
15.9887316329
15.9971816762
16.0031385893
16.0060105851
16.0157825543
16.0183012608
16.0248755763
16.031953884
16.0333854833
16.0389366119
16.0438128681
16.0533293754
16.0619684412
16.0633529009
16.064873489
16.0682946372
16.0716389234
16.0754351448
16.0810362924
16.086043101
16.0905707287
16.1004186091
16.1051359472
16.1065148288
16.1111755653
16.1185580847
16.1215087837
16.1320133071
16.1376989313
16.1399815116
16.1449370223
16.1478288717
16.1515740431
16.1606131688
16.1635705178
16.1701977732
16.1707211012
16.1749583016
16.1837220783
16.1842731682
16.1897842976
16.1929664408
16.1980026518
16.2007747963
16.2106144498
16.2137266112
16.2181531298
16.2263103507
16.233053923
16.2385925711
16.2417601761
16.2452085814
16.248618846
16.2560489651
16.2625038479
16.2693665106
16.2716317546
16.2802218378
16.2834384928
16.2911623166
16.2972314334
16.3024600181
16.306754805
16.3117219704
16.3223556415
16.3243063054
16.3358421106
16.3375294241
16.3431436446
16.3463144996
16.351195984
16.3549036608
16.3677006619
16.3744214773
16.3809429244
16.3851073396
16.3972642584
16.4003406119
16.4024110941
16.4076530592
16.4117072476
16.421257081
16.4273798934
16.4323566416
16.4407113462
16.4454354847
16.4464895496
16.4526065298
16.4589311948
16.4614110567
16.4724862257
16.4839217536
16.4873039701
16.4879134661
16.4952748162
16.5008631607
16.5027278055
16.5091393748
16.5120875909
16.5203395043
16.5244984885
16.5269995293
16.5289027165
16.5374173479
16.5496931455
16.5527583209
16.5565972976
16.5599403429
16.5718488791
16.5720956117
16.5807866521
16.5845053407
16.5889480274
16.5897988002
16.5998153971
16.6058731592
16.6102723687
16.6137822596
16.6189223941
16.6277539182
16.6345749887
16.6382292553
16.6400343232
16.6510896298
16.6559630833
16.659093404
16.6681807332
16.6716453792
16.6758301752
16.6771409324
16.6880318226
16.6922671087
16.6962704743
16.7020079276
16.7091248327
16.7148214379
16.7265129636
16.7351214409
16.7415304048
16.7425785494
16.74713485
16.7624052197
16.7662994869
16.7724114216
16.7734191728
16.7795090094
16.7904137287
16.7965710233
16.8020389711
16.806709194
16.8148075681
16.8161748714
16.8211892628
16.8266644274
16.8312884926
16.8386829125
16.8438960691
16.8473425895
16.8513617252
16.8577654002
16.8648766882
16.8713815927
16.876980465
16.8798513179
16.8909166428
16.8992552772
16.9017736236
16.9050530322
16.9158726748
16.9196537953
16.931704934
16.9334662835
16.9348453725
16.9387574415
16.9432886029
16.9525072985
16.9570974177
16.964888632
16.9711460969
16.9750872627
16.9846370606
16.9857582206
16.9983339383
16.998972546
17.0066889781
17.0179470901
17.023089642
17.0275804465
17.0373168759
17.0397685547
17.0451727446
17.0539831032
17.056700266
17.0643756612
17.0723757044
17.0748618341
17.0803716475
17.0865665381
17.0877486396
17.0968277365
17.099464542
17.1053867095
17.1109278714
17.1130140461
17.1246552644
17.136626964
17.1392258702
17.1416798189
17.1510986011
17.1541421741
17.1615131222
17.1648753931
17.1695741399
17.1791937985
17.1813115514
17.1862130552
17.1933680423
17.1981275411
17.2037056161
17.2086727666
17.2122228444
17.2198234321
17.2332418573
17.2334627144
17.2400185076
17.2425970536
17.2445321903
17.2526158335
17.2644086031
17.2714977845
17.2747187268
17.2870360807
17.2959930276
17.3002878035
17.3027185276
17.3100917814
17.3133555359
17.3213290797
17.3308242656
17.3323157445
17.3360231082
17.3463168432
17.3545147362
17.3553615132
17.3650531367
17.3687761605
17.3730618678
17.3750214959
17.3877489898
17.3949078649
17.4022853644
17.4123531437
17.4156790814
17.4233292896
17.4256445351
17.4321409351
17.4411726325
17.4487752395
17.4565581002
17.4631885038
17.4674693056
17.4744613804
17.4772545104
17.4898672027
17.4918778283
17.4969118809
17.5011527434
17.5144842671
17.520797421
17.526894664
17.5332108706
17.5364267217
17.5522352387
17.5571194472
17.5609535912
17.5644276468
17.5676770489
17.5738670209
17.5807864211
17.5882459042
17.5904402513
17.6003687291
17.6072760376
17.6110999989
17.6186128035
17.6211508224
17.628942612
17.63838631
17.645462505
17.6555834663
17.6626704935
17.665129164
17.6714991229
17.6823413627
17.6875778549
17.6902237131
17.6952784783
17.7038948269
17.7092657086
17.7167158271
17.7284716987
17.7324451808
17.743291057
17.7497186176
17.7584985879
17.7607103772
17.7727960955
17.7787757539
17.7837802968
17.7880399817
17.7978927071
17.7986391186
17.8059540284
17.8096711581
17.8135641063
17.8251836066
17.8309123445
17.8316594084
17.8427034053
17.8500571991
17.856392241
17.859246064
17.8720856576
17.883898883
17.8883007775
17.8945562836
17.9058884725
17.9097076034
17.9188859554
17.9204951967
17.9277394232
17.9331777236
17.9381157363
17.9460477499
17.9497878554
17.9576252206
17.9658527967
17.9746017328
17.9819953145
17.9857801374
17.992125415
17.9947457772
18.008253466
18.0115513024
18.0182475158
18.0205116208
18.042718224
18.0435376652
18.053033977
18.0632939101
18.0709072383
18.0786308785
18.0882634641
18.0940386065
18.0977262521
18.1046695561
18.1167917081
18.1221996173
18.1255264978
18.1358033768
18.1412799406
18.1456793723
18.1524430158
18.1606452957
18.1695925572
18.1742011345
18.1808563227
18.1876891006
18.2001294289
18.2047650394
18.2112488293
18.2220329476
18.2282448193
18.2350184229
18.2397679744
18.2437997379
18.2521047587
18.2563242047
18.2599793211
18.2820406668
18.2881004361
18.299982865
18.3031172086
18.3083343495
18.3145259463
18.3253701836
18.3321589366
18.3386326939
18.3425868361
18.3511862813
18.3539187906
18.3690567619
18.3761556652
18.3824547167
18.3881704473
18.3969700701
18.4080617918
18.4141985913
18.4165006871
18.4269696632
18.4318646526
18.4373290701
18.4484658707
18.4544716091
18.4593025087
18.4685607864
18.4715610921
18.4818077043
18.4914281193
18.4977215623
18.4991853158
18.5141541765
18.5204475609
18.5225272323
18.5335467416
18.5393008283
18.5571031876
18.5650845029
18.5667466154
18.5703104385
18.5718580288
18.5787264085
18.5804823894
18.5900056093
18.6076809985
18.6116284977
18.62321284
18.629240589
18.6311799826
18.6350838188
18.6459126708
18.6499688599
18.6588277728
18.6671008348
18.6699329962
18.6756060465
18.6869964575
18.693142824
18.6993734873
18.7120712316
18.717971774
18.7302993494
18.7344986114
18.7372105657
18.7434744084
18.7546492924
18.7612096755
18.7677989739
18.7742598245
18.783695283
18.7909451254
18.8023161141
18.8061371727
18.8169003024
18.8275862486
18.8291385437
18.8406121616
18.8451735315
18.8517735476
18.8620337564
18.8705455908
18.873503186
18.8744097982
18.8882382425
18.8961103947
18.9064063197
18.9185584269
18.9339392579
18.9372501768
18.9412434314
18.947785051
18.9564504577
18.9596235174
18.9655074606
18.9842841061
18.9893514856
19.0004875595
19.0099561137
19.0178415347
19.0209845233
19.0327399567
19.0444612549
19.0566938236
19.0669861505
19.071015117
19.0762362605
19.0894218518
19.0959320315
19.1097449486
19.1134482148
19.1235253466
19.1265274728
19.1327045416
19.1374102924
19.1487893626
19.1547015374
19.1689595799
19.1784032553
19.1835900858
19.193016143
19.2131417465
19.2147821336
19.2192069516
19.2256154507
19.2405728872
19.2482799025
19.2635310338
19.271422438
19.2820984077
19.2853283751
19.2936974714
19.3045218131
19.3070682244
19.3179689943
19.3316318714
19.3418295035
19.3450450508
19.3537290973
19.3608368193
19.3725428947
19.3862734662
19.4046722557
19.4159816928
19.4254008649
19.4308515097
19.4426363539
19.4460907104
19.4541129626
19.4631563578
19.4781657835
19.484692022
19.5040779838
19.5059630154
19.5108286885
19.5157493548
19.525326419
19.5320591356
19.5441645778
19.5497735993
19.5674914154
19.5744864657
19.5783582538
19.5850171247
19.5883558176
19.6069876666
19.6190637232
19.6241460317
19.6281578217
19.6404501152
19.6451855063
19.6500489428
19.6598681518
19.6791273248
19.6813286192
19.6955396768
19.7047660033
19.7169299098
19.7211116307
19.7282263027
19.745044324
19.7562597436
19.7666058646
19.783669894
19.7928450794
19.8021407269
19.8053612811
19.8116702288
19.8137360077
19.8237272371
19.836083519
19.8473412445
19.8624468349
19.8682999397
19.8702938935
19.8853350571
19.9038224202
19.9130330317
19.9273517407
19.9297613351
19.9362086067
19.9546699129
19.9598249637
19.9627586662
19.9715788801
19.9875695786
20.0019158897
20.0059582816
20.0178644813
20.0344765439
20.0453731201
20.0491899838
20.0581650193
20.0769171367
20.0885099345
20.1014885251
20.1223078715
20.1362245203
20.1404302795
20.1427634632
20.1637430917
20.1680874685
20.1750389622
20.17980317
20.198401125
20.2031343729
20.2084456447
20.2213911757
20.2419759056
20.2466313089
20.2596332855
20.2663236248
20.2884868826
20.2984438611
20.3102727915
20.3175883746
20.3271907147
20.3366331416
20.3458912427
20.3607756433
20.3777273525
20.3867558843
20.4001727916
20.4011569819
20.4177065463
20.4187316503
20.4324033769
20.4405680922
20.4572665313
20.4664664643
20.4783956219
20.4942568503
20.5050007017
20.5272033414
20.5327782598
20.5390149225
20.5461090847
20.5637144337
20.5844233231
20.5966144337
20.6122123621
20.6309378478
20.6419468596
20.6474155563
20.6517099323
20.6648733035
20.6822295463
20.6928929821
20.6996403229
20.7079723082
20.7212113428
20.7334751858
20.7553567581
20.7657297463
20.7734846646
20.7786139076
20.7974921772
20.806864248
20.831553843
20.8379318232
20.8438200345
20.8535846877
20.8738769147
20.8819916227
20.8874990966
20.9082482311
20.9210587858
20.9391019573
20.9426295972
20.9507591068
20.9734706613
20.985839485
20.990925179
21.0061088229
21.0169958639
21.0470919141
21.0578309136
21.0666522751
21.0839878556
21.0971530278
21.1014433942
21.1264243878
21.1349475138
21.1501371459
21.1585519811
21.1694423021
21.1721000401
21.1960284346
21.2049262632
21.2182085622
21.2473122406
21.2640133172
21.2808634877
21.3072475477
21.3189621357
21.3455372992
21.3546134609
21.3583613797
21.3673634226
21.3955954639
21.4046359232
21.4097271643
21.4287757993
21.4410368726
21.4520367096
21.4922907054
21.4984255939
21.5188399971
21.5360287819
21.5629988189
21.5672880727
21.577662301
21.5852353069
21.5998184865
21.6116608225
21.6208295602
21.6225640939
21.6299104868
21.6516743416
21.696149525
21.7078688076
21.7334811685
21.7430999737
21.7695001938
21.7975384574
21.8160244754
21.8281671433
21.845925295
21.8614930489
21.8933522804
21.9034262344
21.9315253098
21.9596948358
21.9815756025
21.9885064402
22.0042547048
22.022579399
22.0543764599
22.0632280494
22.0832910259
22.0889016036
22.1011110041
22.1378489268
22.1771725935
22.2051005483
22.2134276497
22.2394423302
22.263792946
22.2668471258
22.3016145366
22.3133866947
22.3266333359
22.3545783877
22.3627654857
22.3795558118
22.397599815
22.4123793549
22.4397143877
22.4529535514
22.4623103761
22.4801853291
22.5402763121
22.5426363656
22.5598429784
22.5838715274
22.5922484915
22.6219573543
22.6396005158
22.6719197937
22.6824770744
22.7262259766
22.7337067511
22.7503053821
22.7892506294
22.8011434235
22.8088755696
22.8569917891
22.8830752668
22.9064257344
22.9236984929
22.9470563376
22.9529085294
22.989492663
22.9914219303
23.0204299751
23.0674508631
23.0899812888
23.1062996957
23.1454207424
23.1530370481
23.1818477485
23.2170862097
23.2321908888
23.2430167041
23.2664589489
23.2973732889
23.3358552133
23.3657630465
23.3784540104
23.4100121924
23.4436969232
23.4776389024
23.4857047726
23.5227838477
23.5342462464
23.5723787719
23.6026555125
23.6250527537
23.6602044579
23.6909540422
23.7033010487
23.7416725815
23.746701957
23.8206968614
23.8389198281
23.8476494799
23.8710545485
23.9252576186
23.9410303342
23.9653115463
24.0011113504
24.0298399076
24.1039753751
24.1333880302
24.1545385165
24.2029954481
24.2370733442
24.2429111118
24.2949742828
24.3024741391
24.3323402685
24.3752607677
24.4092511804
24.442881695
24.4767027666
24.508069178
24.514133884
24.5288594494
24.5888224597
24.6136812904
24.6673807632
24.6924954228
24.7274727309
24.7906168177
24.8018055676
24.8179681005
24.8191695286
24.8736361918
24.9745111294
24.994533382
25.0361716005
25.0817574325
25.1418322569
25.1878191175
25.2368840942
25.2867105233
25.3356400548
25.3630716318
25.4545414966
25.5292653868
25.5667451149
25.5906158644
25.6635167281
25.7554183728
25.8301132121
25.8352846693
25.8509370935
25.9581955123
26.0332629464
26.099760123
26.1955881801
26.2242853017
26.2693601545
26.375165289
26.4173863962
26.5655194853
26.6247970536
26.6409524775
26.7450326495
26.7967127963
26.8276575841
26.9721084931
27.0212332414
27.0862137488
27.1124924617
27.1876560029
27.3918625155
27.4609584988
27.54251
27.8039463318
27.9692308772
28.0277516232
28.1479047199
28.1826755475
28.3164407331
28.3228863304
28.85197737
29.0327067015
29.4430902708
29.7615880724
29.7768613361
29.9937919651
30.3728056139
31.0505820568
31.3189994118
32.4490305184
33.5431922754
