time for hessian:  62.330366
modes:  (4116,)
0.00929546040805
0.0234553448984
0.0735597025355
0.190811476154
0.261441338634
0.365572016786
0.387182054732
0.43711685334
0.479237656713
0.555850370132
0.585353285152
0.59269931115
0.600719331849
0.700793049091
0.738088438049
0.839474660221
0.906987264434
1.02012952891
1.02499419064
1.05187682224
new frame
time for hessian:  61.251165
modes:  (4116,)
0.0170461610923
0.0193062232444
0.107490772281
0.190528714702
0.238646299918
0.295205912102
0.354765187573
0.466491590183
0.534183856208
0.586497445899
0.588986412856
0.622578412818
0.631798455701
0.676611804103
0.738061667091
0.847094885269
0.958377861868
1.03219792837
1.04224676471
1.07957153373
new frame
time for hessian:  63.725665
modes:  (4116,)
0.00868485889147
0.0371870064249
0.112936689219
0.222103616091
0.330563726462
0.36322475393
0.372108609017
0.442360888897
0.52269715972
0.574591987982
0.590994553381
0.631742952859
0.672306722031
0.71005402989
0.815358045
0.859008077856
0.933300459815
0.997129225
1.08667314799
1.09588420239
new frame
time for hessian:  61.821699
modes:  (4116,)
0.0126735067146
0.0462219204187
0.125913844166
0.245654853623
0.290590465444
0.351332837192
0.406697709401
0.454173495549
0.548462636409
0.574328858204
0.611467661891
0.678893409922
0.714756130087
0.749887982819
0.861730552174
0.911650285481
0.944936228093
1.00442942791
1.11333995603
1.12916555915
new frame
time for hessian:  61.184778
modes:  (4116,)
0.0257153478467
0.0471792878183
0.132439812683
0.263628834925
0.269616850352
0.362741098125
0.4367208722
0.460604313006
0.562138625543
0.582965406075
0.607625339702
0.738495517693
0.763457112174
0.797425600602
0.937385799933
0.981663726559
1.02864686932
1.03001718421
1.12962134383
1.16768707743
new frame
time for hessian:  29.686049
modes:  (4116,)
0.0378916869744
0.0606846101942
0.0909372028952
0.289998008483
0.342374066529
0.38500804213
0.448360905066
0.479812093449
0.549960279748
0.574826598494
0.651159385291
0.757299448147
0.791115835259
0.834946461833
0.95205987197
1.04411601659
1.07340624674
1.09698075496
1.14404926496
1.18203409899
new frame
time for hessian:  28.456364
modes:  (4116,)
0.0461408021381
0.0485533507796
0.109973409314
0.322718773235
0.358981245217
0.381705370234
0.458710416601
0.475506074228
0.549905948752
0.564571718401
0.662114161958
0.744861582421
0.792162212384
0.798036042149
0.888081468301
0.936883119897
1.0228944964
1.1050501607
1.11947412099
1.16514653584
new frame
time for hessian:  27.495322
modes:  (4116,)
0.0274518127178
0.045056529841
0.138637505437
0.323285156635
0.344110600532
0.373381242095
0.453220274336
0.453750352724
0.51639389895
0.586554923043
0.596448806486
0.679366920769
0.717250542181
0.808291470119
0.875135795515
0.943758068464
0.985951659796
1.09716897011
1.15588166378
1.15701192605
new frame
time for hessian:  27.132563
modes:  (4116,)
0.0216277308781
0.0580557769764
0.142000029459
0.335173417659
0.338814250807
0.397603858847
0.472167461326
0.473567843603
0.554362613991
0.5984619664
0.641365042001
0.680304566204
0.751008986103
0.809915082251
0.883892887348
0.947979327179
0.973685162698
1.06304109685
1.17871391502
1.22537632631
new frame
time for hessian:  25.594506
modes:  (4116,)
0.000286826473929
0.0738003931703
0.125232219197
0.328951599119
0.386921161218
0.418922253877
0.449918742219
0.498318377806
0.580677864249
0.641719492774
0.674896781475
0.772564727088
0.802558099733
0.852738825859
0.868001948158
0.94357980725
0.964697813557
1.07057692616
1.22152196596
1.27079339337
new frame
time for hessian:  25.87745
modes:  (4116,)
0.0280125713233
0.0930312221439
0.0979011670165
0.276231680388
0.318689708735
0.412637885293
0.42922928801
0.521327786731
0.534074398244
0.617824200902
0.667840239529
0.755419648327
0.793352236833
0.815403258542
0.91481132014
0.934252588049
0.977188578783
1.12017017138
1.14601578565
1.22725084098
new frame
time for hessian:  25.483764
modes:  (4116,)
0.0342871984991
0.121849843797
0.140623834889
0.21409559258
0.325449468682
0.383529136813
0.434363979657
0.509999689532
0.58052016952
0.582775871211
0.673053358959
0.736687433399
0.779687968147
0.850633364966
0.945800632159
0.979776324402
1.01123410724
1.10504914247
1.12979948305
1.21182783464
new frame
time for hessian:  25.701531
modes:  (4116,)
0.0222202051779
0.157133721711
0.19468774121
0.301990986258
0.326581321589
0.348389893138
0.443010130064
0.535742604803
0.577495228448
0.61024928424
0.677748352233
0.720473160812
0.786366383903
0.799557414848
0.953363028003
0.99046104014
1.00308292447
1.08842549414
1.17306238041
1.18153430789
new frame
time for hessian:  25.306873
modes:  (4116,)
0.0305932236631
0.167505966307
0.186347105527
0.322673797092
0.354666056683
0.373008525256
0.4228922519
0.538883376615
0.560045247095
0.604385046894
0.650911697848
0.705572176086
0.722486582514
0.792185196996
0.934667269045
1.00575986202
1.02817085959
1.07427821829
1.13823017398
1.16210045068
new frame
time for hessian:  25.218333
modes:  (4116,)
0.0499207488801
0.143633457989
0.173791009743
0.285131381009
0.375707324538
0.388095430329
0.472129242426
0.484948065449
0.547467639282
0.670126332843
0.686074932377
0.718235605786
0.738827883793
0.761751857067
0.910200660431
0.981628526428
1.03325928286
1.07678566582
1.11682246597
1.13518285587
new frame
time for hessian:  25.51437
modes:  (4116,)
0.0639918487093
0.140472959367
0.188000345314
0.229641907422
0.356113207979
0.397503927168
0.414488677538
0.451237101803
0.546231504193
0.667068870494
0.697170813722
0.716817120905
0.749882920773
0.756835932704
0.878221343605
0.948637146782
0.982447806147
1.0950873715
1.1145367803
1.13505200076
new frame
time for hessian:  25.331065
modes:  (4116,)
0.0859740688542
0.132330074375
0.206889816904
0.210217252271
0.373423968364
0.403307926302
0.428428759891
0.498486378725
0.519768879893
0.661833052106
0.697678037123
0.707935620318
0.754967086505
0.760656035951
0.849384503035
0.925758981665
0.970369494732
1.10972251272
1.11875647708
1.12991433234
new frame
time for hessian:  25.034921
modes:  (4116,)
0.0986703519299
0.12326870933
0.159024883819
0.216276798132
0.271838611859
0.364245743958
0.409209215439
0.442625291564
0.501212598459
0.655379508878
0.725891528649
0.753840490186
0.781732432846
0.810171970816
0.832186949309
0.901005170855
0.970877700599
1.11750307137
1.12885219638
1.13464062778
new frame
time for hessian:  24.635808
modes:  (4116,)
0.0942715750476
0.0981720864729
0.121767078963
0.240255573485
0.308492397061
0.372443884795
0.480350653857
0.480396688513
0.551654124345
0.622055500292
0.727124260647
0.751344866858
0.788247211562
0.835745096847
0.837871531164
0.915087344975
0.958297370838
1.0851775042
1.13342583082
1.1496896442
new frame
time for hessian:  25.412362
modes:  (4116,)
0.0817329808646
0.0972857066268
0.104511117688
0.28160905364
0.284399772527
0.370991317259
0.437561988349
0.527600407587
0.532206411107
0.585670618026
0.686265375734
0.743667320202
0.750107087431
0.778559857827
0.87149195133
0.874911894892
0.944658088569
1.02526265299
1.08156412104
1.1452619562
new frame
time for hessian:  24.872415
modes:  (4116,)
0.070276533408
0.0721304170883
0.121535333238
0.236993805088
0.322614296528
0.328358365441
0.385475300543
0.415241811089
0.520137239751
0.576649670773
0.631930376624
0.681275759507
0.718022267412
0.776109580003
0.814929906206
0.894473673621
0.911614604433
0.950245730669
1.0381791769
1.09530510476
new frame
time for hessian:  24.697272
modes:  (4116,)
0.0392248730011
0.0668581110719
0.138055523158
0.195456744901
0.274012183357
0.340398818097
0.346466510412
0.362565773283
0.499412826049
0.599238858122
0.609782353377
0.644246590656
0.701511879933
0.778461568719
0.81502370551
0.879961864141
0.910404539143
0.914524334283
0.996816731604
1.02252709163
new frame
time for hessian:  24.729035
modes:  (4116,)
0.0025279317657
0.0811258589489
0.147808625007
0.162287534219
0.271891777725
0.299162153334
0.336333668083
0.371638654513
0.442052381351
0.530484851578
0.585702961774
0.620732033838
0.639134043823
0.772059857206
0.812152359184
0.819022773879
0.877565489459
0.943007330001
0.94744651349
0.989386706606
new frame
time for hessian:  29.994602
modes:  (4116,)
0.0276616525139
0.0436111430953
0.116891111744
0.203397019911
0.265614768671
0.295045037915
0.32928603227
0.410722911016
0.414243765883
0.495308014435
0.538478085961
0.559600466916
0.668298153875
0.709038816998
0.79329315811
0.822645110779
0.858666331034
0.881058142984
0.965708855434
0.979332037674
new frame
time for hessian:  27.146004
modes:  (4116,)
0.000610501908732
0.0501078918202
0.113676895672
0.25704275457
0.257052612071
0.358264296884
0.37715445126
0.416577082914
0.488344028041
0.490425910976
0.543671975163
0.600781014158
0.693944797967
0.696796959274
0.784044773215
0.807678799831
0.851466498485
0.885131844365
0.940913374593
1.02691651186
new frame
time for hessian:  27.406884
modes:  (4116,)
0.0370289072826
0.0827907691966
0.101338374179
0.234800352255
0.297020175381
0.320194215228
0.355488883309
0.400093955452
0.495442378332
0.530240346875
0.581841321974
0.622720691671
0.707664959348
0.748616865917
0.770111738422
0.826631793822
0.876870193601
0.886801200927
0.958167554267
1.0185463641
new frame
time for hessian:  26.829878
modes:  (4116,)
0.0529450944618
0.0569708472932
0.105479654107
0.19151678743
0.349201962837
0.370385834696
0.385945545136
0.47131759807
0.547565210392
0.570456291173
0.575993149842
0.699391497595
0.725095096558
0.760629944227
0.805348196039
0.810992722582
0.832911087669
0.880696251193
0.959856040929
0.973814040698
new frame
time for hessian:  25.937571
modes:  (4116,)
0.0323669641142
0.0794642716267
0.126852246725
0.166311740078
0.337009304041
0.386627061215
0.399899632424
0.488221570953
0.544571941096
0.563251493543
0.616801803207
0.66256422372
0.701970836269
0.720038036791
0.774089009222
0.805577130114
0.828080959566
0.882537670613
0.897917269299
0.97172005709
new frame
time for hessian:  29.579251
modes:  (4116,)
0.0417650648958
0.0806036881861
0.144278830167
0.171712985184
0.339835822327
0.378520355771
0.446633630466
0.46987635197
0.532523876146
0.589659267485
0.644115811613
0.664652929269
0.716527489184
0.757064333956
0.789850611514
0.818427880175
0.831693617393
0.872610440357
0.928207620602
0.976838615445
new frame
time for hessian:  31.300144
modes:  (4116,)
0.0499060007113
0.0832339622641
0.129870611884
0.216716057028
0.311829735376
0.3993032389
0.465403997382
0.473141278541
0.518976547022
0.576056751647
0.599008507387
0.664689835548
0.673848670322
0.715764443002
0.733394711397
0.773151040947
0.795371877218
0.832609763242
0.944730701186
0.952989374206
new frame
time for hessian:  25.429766
modes:  (4116,)
0.0429861803024
0.0811090779785
0.115835214718
0.245975532443
0.299224924302
0.393505936727
0.436398889501
0.461813766023
0.511569818382
0.544661049167
0.574244527334
0.627680366006
0.680328651077
0.713264126774
0.75171770125
0.766687205388
0.780040200849
0.831014287939
0.897272508488
0.963056546348
new frame
time for hessian:  27.360727
modes:  (4116,)
0.0421136514453
0.0798478038987
0.0878840626533
0.15438951677
0.274237055584
0.287512892452
0.347274972701
0.416089876629
0.489547434661
0.529688776088
0.54687039109
0.63445286263
0.699041957157
0.754569175604
0.760535814835
0.778461652976
0.811960730619
0.813465475812
0.883153705922
0.918264318688
new frame
time for hessian:  24.991703
modes:  (4116,)
0.0366832219999
0.0811357942847
0.0881500599555
0.168800512871
0.254408277396
0.309132607986
0.341101156245
0.385085957923
0.488955901685
0.523966454848
0.554394588781
0.661401295567
0.715210970509
0.770160957446
0.782078851426
0.817947698865
0.828754226236
0.867837919752
0.901134468977
0.930094835722
new frame
time for hessian:  25.023817
modes:  (4116,)
0.0237267794762
0.0745444310239
0.0859739133403
0.173790992417
0.248117940901
0.307383393903
0.337438424847
0.386887150749
0.479331251404
0.527266846139
0.563503608565
0.685186681259
0.698249770666
0.75163331703
0.803968902675
0.814527757723
0.844868821419
0.884777978076
0.894673205575
0.950779163081
new frame
time for hessian:  25.364954
modes:  (4116,)
0.0126979793737
0.0687310031794
0.102298639413
0.174089381798
0.260627938057
0.295994368815
0.354190931016
0.394389633093
0.468303978012
0.530048867072
0.533050173923
0.612107586726
0.675020688752
0.678321898755
0.765138881959
0.801723960514
0.826172769829
0.83153233797
0.928924082561
0.934592112414
new frame
time for hessian:  25.095961
modes:  (4116,)
0.0166303497373
0.0854959695762
0.101789222429
0.167233547943
0.260040694785
0.343000583685
0.362893263521
0.438380441573
0.512126812462
0.535896350827
0.539724594839
0.665710159239
0.692032306161
0.709381354533
0.791933658073
0.808865429906
0.834283605683
0.90575770823
0.945208225194
0.958844173098
new frame
time for hessian:  24.334657
modes:  (4116,)
0.00700833025574
0.0723993149884
0.117536199368
0.143193928511
0.231795408535
0.338162745507
0.367938971573
0.439233197494
0.471259757228
0.535164808757
0.567334339853
0.582596101218
0.632308631891
0.638784460005
0.735053361461
0.802434786248
0.853470956733
0.883125865456
0.956682364042
0.965029521029
new frame
time for hessian:  24.515606
modes:  (4116,)
0.00475875625603
0.0824712571113
0.136263796521
0.139244919899
0.224104594085
0.249453128757
0.344835779028
0.408760637113
0.462850412738
0.51891205054
0.574087461802
0.579444439464
0.635954161459
0.687430895367
0.75648759246
0.806617230088
0.854477464918
0.951208743925
0.980149602081
0.995351662168
new frame
time for hessian:  26.648005
modes:  (4116,)
0.00784636385703
0.0786359373762
0.129000447808
0.145635900042
0.223612818591
0.324963048192
0.351798287085
0.439777330505
0.489292350484
0.545923290038
0.589289736818
0.670736180962
0.676790563408
0.730171489491
0.824956114608
0.836623342308
0.870160834743
0.971887507573
0.996932591819
1.02695413969
new frame
time for hessian:  28.23336
modes:  (4116,)
0.00855434878274
0.0812245405104
0.122013476779
0.146118183017
0.218799309779
0.344775216825
0.381773061973
0.411212311456
0.478762068104
0.530336269346
0.63504998225
0.670845766848
0.702045160881
0.72415643462
0.823288195287
0.864143887688
0.869225903332
0.989593585847
0.999679124168
1.04621758983
new frame
time for hessian:  25.0613
modes:  (4116,)
0.0152182552108
0.0679177085131
0.103827278863
0.170423153625
0.206174410596
0.240591947686
0.41873466606
0.465121544891
0.485012784568
0.507122449895
0.656756552352
0.676473173092
0.708168847878
0.760238551225
0.828713932212
0.848281436701
0.874915900623
0.928012171631
0.995879058277
1.00014567709
new frame
time for hessian:  24.993444
modes:  (4116,)
0.0216623919184
0.0456630032343
0.0965792249186
0.168374129339
0.181087080684
0.406788830714
0.433878355712
0.469397445871
0.499589501909
0.521681332522
0.659030199738
0.70254900463
0.717019991128
0.764919437572
0.785379915456
0.822605543952
0.855573013598
0.876492273119
0.963687370974
0.997226478111
new frame
time for hessian:  24.703011
modes:  (4116,)
0.0216202964021
0.041460342857
0.101208019654
0.163043335926
0.164767370318
0.389491219707
0.445550323387
0.458782231961
0.488439519537
0.541448551468
0.643450291947
0.704469499475
0.735630272016
0.761100135289
0.778144564423
0.801569808153
0.858088753151
0.871362754127
0.971671167894
1.00528712085
new frame
time for hessian:  25.211014
modes:  (4116,)
0.0180028135726
0.0209052349918
0.102668658167
0.146986821447
0.160761924265
0.369354576764
0.462781789297
0.463818829017
0.502418621344
0.56832911595
0.641280913297
0.692177187966
0.747780718436
0.757264464911
0.777587171631
0.834090056688
0.849018616627
0.873757714823
0.959452974344
0.982712809107
new frame
time for hessian:  25.185121
modes:  (4116,)
0.00473936438656
0.0217200623811
0.0909302417955
0.13933550531
0.16238620828
0.397190630792
0.445438559227
0.476943835974
0.504641222521
0.541601293922
0.620412772095
0.686686580899
0.716891785424
0.764834461085
0.790589955081
0.800249401326
0.828755228487
0.866888000332
0.921779172484
0.960478955961
new frame
time for hessian:  24.766823
modes:  (4116,)
0.00535556152132
0.0376410503727
0.0761917624303
0.135186609798
0.18310742909
0.357698591595
0.411821353807
0.456465105319
0.501172946767
0.510658208224
0.584027206947
0.695723068297
0.699625864712
0.755325830808
0.771717510582
0.823224408926
0.847573162461
0.875295186733
0.885887222977
0.996970892169
new frame
time for hessian:  24.608253
modes:  (4116,)
0.00243969102972
0.0534004085537
0.0642265004533
0.155455317557
0.201684879333
0.210331211737
0.402692718105
0.455671275777
0.510013130125
0.535261486885
0.536571651354
0.636983871904
0.695699978767
0.744290982832
0.767567206218
0.846057842248
0.861933184793
0.870837788174
0.897772385651
0.984302502514
new frame
time for hessian:  24.279813
modes:  (4116,)
0.00218164090763
0.0474942773169
0.0588155642713
0.167185718105
0.244354652698
0.325430035211
0.38178803187
0.453204011107
0.479617610862
0.516599588027
0.558455889896
0.607403677209
0.694697829028
0.74686822928
0.759249904119
0.841690897646
0.855632281967
0.863873353084
0.919746322477
0.955576791186
new frame
time for hessian:  24.965105
modes:  (4116,)
0.00942783954064
0.0289756207195
0.0584976913382
0.172978004239
0.286892294772
0.293730910254
0.345656438944
0.443706748174
0.459426108274
0.503536683266
0.580539888043
0.635119726609
0.693756646315
0.735638483411
0.779382189294
0.83547582683
0.837679318182
0.892517934737
0.906906269453
0.928905541373
new frame
time for hessian:  25.138981
modes:  (4116,)
0.0167710027338
0.0362751308775
0.0500077572749
0.182532273835
0.308433235778
0.3196761546
0.363000787647
0.460022915567
0.472315490397
0.516203812331
0.597960689164
0.644537445296
0.72930021796
0.750651495775
0.79422491302
0.815696574857
0.826988005854
0.89736918668
0.910142223538
0.965646372554
new frame
time for hessian:  25.043816
modes:  (4116,)
0.0283205256064
0.039553874595
0.0495917602256
0.187924317376
0.287780090422
0.341806530718
0.365175485407
0.440145154368
0.464642411652
0.523293029858
0.607203504249
0.654872086524
0.704403478533
0.735188288162
0.771804594966
0.807195481921
0.831934960927
0.856073297622
0.876023693024
0.920349924459
new frame
time for hessian:  24.314243
modes:  (4116,)
0.0313870982225
0.0427248296717
0.0740596612834
0.196058259136
0.307536676784
0.349993870391
0.381583978821
0.388935518113
0.430395781981
0.512943807009
0.594694471909
0.603767718104
0.698997463253
0.725554533065
0.765516505519
0.80157633428
0.823273169476
0.847020080756
0.874604866142
0.9237891834
new frame
time for hessian:  24.163493
modes:  (4116,)
0.0275412706258
0.0310627769559
0.110032364195
0.19480270957
0.316952049878
0.34090312296
0.362586266277
0.419906758901
0.437605539464
0.580029344669
0.592665898108
0.626687514593
0.665172518546
0.713060589131
0.775049394929
0.802416134753
0.817311769831
0.86338053336
0.876107465067
0.919753831256
new frame
time for hessian:  24.30055
modes:  (4116,)
0.0202723282897
0.0253981564148
0.132026995379
0.188681098849
0.309789555276
0.362608381878
0.377880982759
0.430138165819
0.448894906085
0.595745248425
0.621063073037
0.655811845127
0.674475484424
0.725410400943
0.770386564411
0.787639779037
0.819185741958
0.867814546606
0.881180215619
0.965876535146
new frame
time for hessian:  24.519057
modes:  (4116,)
0.00965076013785
0.0213523465292
0.148387404438
0.179320331565
0.302968039187
0.356395005451
0.3768825177
0.413895430321
0.426365080291
0.563936955118
0.600384412639
0.601145204925
0.653279741334
0.73313756947
0.763732685531
0.786158352735
0.82708821969
0.885408136859
0.892199306994
0.940541280381
new frame
time for hessian:  24.305515
modes:  (4116,)
0.00351781535758
0.0239309016601
0.152330925973
0.172250949279
0.301205240651
0.333658245272
0.388195528654
0.389490223418
0.410927834255
0.526010509417
0.602315089818
0.664533922096
0.704615405087
0.759809895894
0.7900916866
0.835736015628
0.902661289402
0.904840579266
0.923919105327
0.940100063127
new frame
time for hessian:  24.281732
modes:  (4116,)
0.0207326779827
0.0207851926738
0.161046820369
0.17802449828
0.30736046332
0.311838460023
0.372809089907
0.394438655193
0.417284189535
0.496900660853
0.547255066832
0.605891877976
0.740758742166
0.755859043428
0.816550543188
0.857182143007
0.895550409538
0.902616776625
0.932046846972
1.01714476271
new frame
time for hessian:  24.34461
modes:  (4116,)
0.0216259283349
0.051120364689
0.181834778968
0.193817620794
0.287764693167
0.355619868413
0.376348783286
0.401976932524
0.436884082383
0.490056156222
0.522118103102
0.603429659526
0.745864735632
0.782994127381
0.820957354156
0.846463739701
0.901352492363
0.920216427095
0.948200407232
1.00256000099
new frame
time for hessian:  24.714412
modes:  (4116,)
0.0212321504597
0.0661130941612
0.180372726293
0.180870126128
0.267051697504
0.341557601968
0.38270997949
0.39203497416
0.462142785571
0.497976602479
0.550349410065
0.60674089632
0.742565985281
0.812312767088
0.822947014165
0.867348558422
0.900466964641
0.923212210317
0.996397021315
1.02242077362
new frame
time for hessian:  24.317901
modes:  (4116,)
0.00644296003938
0.0615244943972
0.162379803304
0.164020506692
0.27533320891
0.334550851764
0.383798494597
0.42349393244
0.481437978865
0.562266516659
0.612640950734
0.72717422245
0.773696636528
0.813180350361
0.863643883598
0.92872988763
0.945902644832
0.964099403323
1.01863655706
1.05571611956
new frame
time for hessian:  24.271694
modes:  (4116,)
0.000650275694253
0.0790510332693
0.138985780595
0.211489034616
0.269231918525
0.341795067551
0.388994340924
0.431901437061
0.481106266087
0.551421411775
0.626182229419
0.664665406253
0.760536251826
0.818624223263
0.831776509459
0.907419257729
0.935714248128
0.985116738677
1.00264606863
1.03460757509
new frame
time for hessian:  24.311262
modes:  (4116,)
0.00112686470903
0.106774249053
0.139435314507
0.245180260049
0.26345111077
0.307840392135
0.387595125077
0.411589221506
0.499941031091
0.519354967467
0.600661544624
0.644440247437
0.76023616097
0.829679983685
0.874848070811
0.887374855555
0.934118183823
0.970346229201
1.02079207699
1.03198936236
new frame
time for hessian:  24.273411
modes:  (4116,)
0.00309636311898
0.142278311332
0.146803748372
0.216797188808
0.298281860108
0.335254823888
0.394544132213
0.40775825271
0.447829017124
0.510732772811
0.579585292554
0.673880172151
0.738344029146
0.834583821506
0.83834667225
0.872735509011
0.89589000987
0.989373345373
1.02215616842
1.02292153259
new frame
time for hessian:  24.243444
modes:  (4116,)
0.0011304736792
0.181170767794
0.191544426296
0.198624154183
0.237236770403
0.326486782272
0.359265162578
0.408362329818
0.45058086889
0.477003296124
0.557120358366
0.673159518689
0.697455438726
0.745073461787
0.833753248133
0.839430497163
0.862899653438
0.910887599575
0.942989840776
1.0208316661
new frame
time for hessian:  24.327467
modes:  (4116,)
0.0102193233351
0.151592171405
0.199786759678
0.239068812438
0.278311079244
0.330951495959
0.408489365133
0.409597547771
0.455822841798
0.483606668702
0.544496415994
0.650692135373
0.668343781509
0.761035529246
0.814939234619
0.84972260284
0.892447118175
0.937729880568
0.999266779705
1.01569110384
new frame
time for hessian:  24.453449
modes:  (4116,)
0.0153631539937
0.132262246125
0.19933786742
0.262873513373
0.301330916156
0.340287280236
0.385756018838
0.416296661122
0.435747530913
0.47009758667
0.591170182385
0.651304875611
0.69951618104
0.724916605754
0.790491139548
0.846989909589
0.870471691912
0.886776746387
0.950834091508
0.995426952475
new frame
time for hessian:  24.445734
modes:  (4116,)
0.0126324508057
0.143722172676
0.184324602157
0.275857475603
0.30265336288
0.331208659356
0.395927955798
0.404955033468
0.420100095233
0.460121904936
0.638318260415
0.673438078055
0.71076206452
0.718862959271
0.768352118446
0.801432413526
0.835051349496
0.921480663374
0.923544990416
0.961694775712
new frame
time for hessian:  24.719947
modes:  (4116,)
0.0346090139621
0.115920139121
0.165981672724
0.257079211968
0.335540436341
0.360440410926
0.374066890873
0.424396048711
0.436695738641
0.461389329389
0.639731548262
0.70196608537
0.704792429418
0.738489958916
0.788216371089
0.793183799516
0.82316831018
0.848781163692
0.918093379354
0.957039080719
new frame
time for hessian:  24.411583
modes:  (4116,)
0.0409617989613
0.110371234477
0.188416312008
0.261329125471
0.343256045885
0.37410318778
0.391235370264
0.422165143716
0.466458925531
0.475077360971
0.613880154124
0.679347325753
0.690146980052
0.725578387866
0.725766892754
0.764820473632
0.772813457391
0.836878980659
0.876041487773
0.957054154301
new frame
time for hessian:  24.12047
modes:  (4116,)
0.0727659083217
0.0757129060277
0.195451794597
0.234245471497
0.340227448254
0.340537471138
0.393779657377
0.407892632098
0.45347441638
0.462106599571
0.513103056129
0.57264628505
0.667528440392
0.70455309765
0.71085062419
0.745925296028
0.795207829374
0.798815755211
0.877183956304
0.93772399504
new frame
time for hessian:  24.266956
modes:  (4116,)
0.0683460945783
0.0814891532609
0.187355001048
0.210019278276
0.361546276474
0.369133566585
0.401218289368
0.420336772493
0.453797195624
0.516066391924
0.527686931947
0.548380116092
0.606868718478
0.668378244159
0.684082489304
0.750806443075
0.757910211196
0.82231297965
0.879799839145
0.918647839235
new frame
time for hessian:  27.490204
modes:  (4116,)
0.0591601726753
0.0847712283995
0.184218054426
0.200613757223
0.361899246348
0.376802260712
0.394843141868
0.420783663125
0.431205128466
0.485100167639
0.503848025353
0.545358474694
0.545376945714
0.610479169427
0.624157764502
0.686591241821
0.755429750758
0.800218210251
0.830979091317
0.861734028215
new frame
time for hessian:  25.599533
modes:  (4116,)
0.0576711406123
0.0997467776686
0.175955689502
0.197467265947
0.356529414718
0.363167487548
0.389167388962
0.434686192469
0.438576299541
0.489505979693
0.505475663076
0.602535487509
0.612142622749
0.617638446378
0.622857681849
0.697727561116
0.740179001885
0.793516035946
0.80032933461
0.843758335805
new frame
time for hessian:  24.536457
modes:  (4116,)
0.0605096668922
0.131017672374
0.171758305098
0.198385739966
0.348751960544
0.355904488347
0.388457648844
0.424149637699
0.466456099882
0.478357063088
0.592628105475
0.619137261864
0.632480377998
0.656287556187
0.70533117964
0.734287864571
0.740195496734
0.795830608557
0.85192295475
0.863673024052
new frame
time for hessian:  24.995457
modes:  (4116,)
0.0667994134511
0.149471943425
0.161604427977
0.190660786066
0.308156794288
0.360223992455
0.372317519346
0.429258829632
0.451789262635
0.475773427312
0.561623552241
0.600966268912
0.660049411268
0.669015587824
0.682587680176
0.731179194575
0.790580695641
0.845712578044
0.887066502806
0.948250421322
new frame
time for hessian:  28.463838
modes:  (4116,)
0.0606649615672
0.13502677822
0.175510299528
0.221874269325
0.296705972679
0.338483075388
0.355393177658
0.429705359724
0.465286500521
0.473902618536
0.478390701907
0.624586178813
0.673310663727
0.700510360837
0.713000118026
0.730262362456
0.766345727484
0.848260635911
0.879539364525
0.936041133953
new frame
time for hessian:  26.81426
modes:  (4116,)
0.0617025006925
0.118989375991
0.184142184765
0.20983690608
0.289381105125
0.317300141645
0.330790026382
0.412157120961
0.420333139676
0.461337632166
0.489283676146
0.617792568091
0.659358089884
0.708704542884
0.736002864273
0.789497741401
0.794063306633
0.883658468123
0.93091006109
0.97040602062
new frame
time for hessian:  25.03467
modes:  (4116,)
0.0526249387351
0.11617514067
0.178327818992
0.239794745704
0.258050938801
0.335804181763
0.349042070992
0.396826161096
0.454036818019
0.486767387753
0.527943068503
0.622927980854
0.662640802361
0.70732440629
0.722882775142
0.76897780966
0.825579662885
0.867730898738
0.876610807778
0.919501475136
new frame
time for hessian:  25.308054
modes:  (4116,)
0.0265329230696
0.095963152801
0.18147162338
0.21813604686
0.234115250157
0.276236166876
0.369032675452
0.384873660124
0.399540526474
0.470454619509
0.569497316442
0.599494493438
0.674968935319
0.715723686833
0.734784191215
0.766766788258
0.812686648551
0.879182141886
0.915104778902
0.930017478311
new frame
time for hessian:  25.444023
modes:  (4116,)
0.0214341816609
0.0524122639648
0.124810975453
0.206820344118
0.263388462747
0.310601115222
0.368644916793
0.39307469031
0.41712381552
0.529210823257
0.565620689254
0.583389166766
0.685751329295
0.690804434145
0.719233908438
0.768208226804
0.837311869282
0.903360557001
0.94271160357
0.981362984545
new frame
time for hessian:  27.065083
modes:  (4116,)
0.00822632552679
0.0380176191946
0.0978188836696
0.198857089098
0.252516634858
0.359649926378
0.37103314561
0.390600791202
0.472933645205
0.532039975169
0.574581024791
0.604440406741
0.63452680933
0.69100889129
0.733690900267
0.76725704892
0.8369971829
0.874561300469
0.905737181592
0.942780479793
new frame
time for hessian:  26.68408
modes:  (4116,)
0.0109661742623
0.0357233588115
0.0633578092209
0.213677574898
0.27067030325
0.356856677645
0.363658451103
0.401978039769
0.417939391136
0.532307264472
0.556455416453
0.623386105839
0.623499166131
0.721292423725
0.732388318118
0.746874809143
0.853575772871
0.90568984633
0.925910766303
0.97996618825
new frame
time for hessian:  25.682546
modes:  (4116,)
0.0175688301944
0.0491525313557
0.0494648957241
0.221950839981
0.242576961015
0.264469916733
0.350751363418
0.371067648319
0.405415839165
0.482416020123
0.49296989188
0.64319662631
0.646769743715
0.719696926921
0.743525410486
0.750907669162
0.884306742278
0.915054320965
0.940000061434
1.02613958179
