time for hessian:  29.504886
modes: 
0.00929546040805
0.0234553448984
0.0735597025355
0.190811476154
0.261441338634
0.365572016786
0.387182054732
0.43711685334
0.479237656713
0.555850370132
0.585353285152
0.59269931115
0.600719331849
0.700793049091
0.738088438049
0.839474660221
0.906987264434
1.02012952891
1.02499419064
1.05187682224
1.07854098015
1.13058430802
1.2033265341
1.22606753718
1.26940163309
1.32273307804
1.32927896878
1.35471001774
1.37159513651
1.39072547197
1.44180996808
1.49160799076
1.51130600526
1.59706483257
1.63572276961
1.66161618078
1.69326120929
1.71678542452
1.73025862299
1.77345431257
1.79396036255
1.8810760534
1.90295973779
1.92824140854
1.93975638302
1.97625191853
2.01080115434
2.02852193818
2.03278475601
2.07638951187
2.10316963399
2.2056553582
2.25648479032
2.29236225784
2.2984368211
2.31198463184
2.35493339392
2.37592182125
2.41124323781
2.41428920956
2.44925008013
2.48248211259
2.51348526117
2.54808772216
2.57629653024
2.58249818715
2.61923284442
2.64560080005
2.67534509157
2.70049888623
2.73844681339
2.74942424838
2.77793014555
2.845693996
2.87758950495
2.88285046878
2.89532764147
2.89741659348
2.91761681302
2.94921440713
3.00371273586
3.01215008765
3.03801396546
3.07673584724
3.09755790143
3.09827886294
3.11721910603
3.15203019636
3.16260771785
3.19774697502
3.25080019969
3.26731499471
3.29086929811
3.32282158234
3.36884313986
3.38485514703
3.39516078432
3.4253889899
3.47331787843
3.47633565993
3.47826298439
3.50255822416
3.52636621597
3.55240882592
3.59727812441
3.60893652938
3.63059215467
3.67618138029
3.69536899044
3.72675647925
3.76445283147
3.80513174216
3.82168503793
3.85627904011
3.8709125004
3.88750406671
3.92242370503
3.93079657553
3.93897978024
3.9417330022
3.96952914829
4.00840058654
4.03246655263
4.08310760157
4.0889366818
4.12309267625
4.13241156224
4.15551729986
4.168560622
4.18427736398
4.20565115055
4.26568337958
4.28059078537
4.29259501975
4.30330288072
4.32763954108
4.36380277646
4.38780413402
4.41790887458
4.43233846247
4.45406580037
4.47025098077
4.49477510767
4.51330270276
4.51746162058
4.54630205864
4.55878140513
4.59733091992
4.6020119474
4.63417061412
4.64095670467
4.6700063687
4.69111720898
4.6962106961
4.71416830952
4.74507723041
4.76990596015
4.77762536189
4.78491324047
4.79580091261
4.81389789143
4.81484672452
4.8444175241
4.87302442668
4.89357407296
4.92500885692
4.94456365879
4.94966507992
4.97166771676
4.985524671
5.00253553786
5.0248860825
5.03533778542
5.03576892539
5.043609144
5.06145732019
5.07649589227
5.09991623252
5.11383654624
5.15377103117
5.15571744697
5.18717789215
5.20122671397
5.20447957952
5.22809210271
5.23462894582
5.25478466638
5.26578056769
5.28141654382
5.31392608974
5.3229491232
5.34759763196
5.37151129344
5.38049314572
5.41347625865
5.41847144784
5.44580132482
5.46396245477
5.47970999706
5.48151507854
5.49163154944
5.50759969186
5.51779246383
5.53071740756
5.54839780949
5.5707939208
5.59148744684
5.60133345644
5.62874612339
5.64048249708
5.64963801945
5.66644632783
5.69007709085
5.69541159237
5.71621575765
5.72669257965
5.73950895048
5.74774711848
5.77486619137
5.79075742143
5.7959335635
5.81147588904
5.82434845482
5.83389344454
5.84320472456
5.86685169706
5.89187977341
5.90635487338
5.91254514367
5.92572554181
5.94592024087
5.95042864319
5.95287480715
5.9607431042
5.98054101576
6.00228511953
6.01158271814
6.02677391425
6.03716988644
6.03984166134
6.05683571327
6.08800498371
6.10015824891
6.11115113372
6.11772529177
6.13101872149
6.14720019155
6.16288718369
6.17088734034
6.187023096
6.20224285429
6.21240790963
6.23343493806
6.24382728254
6.25342026131
6.26933728851
6.27454281384
6.2814698072
6.29225947811
6.29928683893
6.3026980474
6.30623121326
6.32649381156
6.33087565185
6.3494453828
6.35437583295
6.373715907
6.37851629411
6.38774150335
6.39336606306
6.41359840206
6.41586763697
6.43403848456
6.44673876301
6.45168809568
6.46362011962
6.46860602692
6.48192617096
6.49119233434
6.50045253534
6.52341272454
6.53211867257
6.54558011964
6.55335883464
6.56067730141
6.57377509088
6.58279659942
6.59355376963
6.60351191476
6.62373735074
6.63716589441
6.64675123552
6.66734953131
6.67347335704
6.69143128303
6.70628835513
6.71347840777
6.71903220609
6.73455446733
6.74673530226
6.75253479602
6.76570196463
6.76987021996
6.79333075838
6.80392996393
6.80963640916
6.82085976532
6.83605164927
6.86194234038
6.88007878803
6.89442408321
6.90300417562
6.91289834883
6.922436187
6.92978747892
6.93778124614
6.9527894478
6.96623175097
6.97490829576
6.98468859433
6.99957604672
7.01401395069
7.02345568073
7.03327468334
7.04972541779
7.06225724915
7.07036777782
7.07297994763
7.0859233884
7.09287506515
7.10024431957
7.11323124114
7.12506284512
7.13620335432
7.1476053277
7.16812026859
7.17222162285
7.18157858138
7.19195420214
7.20263124707
7.20364359588
7.2082017793
7.22881454872
7.24732541688
7.27005875722
7.27824614
7.28989030047
7.29778159388
7.29989303678
7.32122232516
7.32743881245
7.35064213171
7.36389517455
7.37651347372
7.37962399593
7.38427633832
7.39436369451
7.40661752708
7.42971699955
7.44800249776
7.45220957698
7.4564680305
7.46368111732
7.47925071704
7.48027027628
7.49064997901
7.49612322853
7.49773565805
7.50831266485
7.52430592354
7.53269675116
7.54558164554
7.55482790017
7.56441852737
7.56632445996
7.58054265263
7.59118188449
7.59418200553
7.59995462029
7.61010271594
7.61847334374
7.63668235987
7.6397002144
7.64954150986
7.66186166867
7.66897921564
7.67789531079
7.68437906957
7.69561698408
7.70044602197
7.70823146032
7.7160726879
7.7257044731
7.73028796964
7.7410297546
7.74418633847
7.74772511205
7.76324089587
7.76718538733
7.77740575022
7.79022368753
7.79992126005
7.80719597791
7.81139547954
7.81822128783
7.82296646896
7.83053870978
7.83607537598
7.84050968716
7.85863598588
7.87140632297
7.88270551095
7.88704426405
7.90288843635
7.90728366873
7.91504503564
7.92017506509
7.93042535186
7.94905154706
7.95126316868
7.95844993061
7.96504265095
7.97002992014
7.97902293807
7.99329206053
8.01435399231
8.01919956267
8.02791202617
8.03530825623
8.0535695365
8.0552478993
8.06929152163
8.07110659929
8.08079861453
8.08679348387
8.09979923474
8.10341491931
8.11250202545
8.11988425935
8.1420228292
8.14350276026
8.14847151333
8.15588141991
8.16453821147
8.16755365998
8.17254940473
8.17938419908
8.19806574923
8.20085879217
8.20594107197
8.21553885042
8.22964938129
8.23188067668
8.23989721277
8.24636182817
8.25975834181
8.27104010615
8.27483235435
8.28313426158
8.29099047294
8.29177420929
8.30333932148
8.31259467211
8.31668701424
8.32178256466
8.32874210331
8.34036576847
8.35355240861
8.3644002313
8.36638551184
8.37328443893
8.38005220683
8.39072357913
8.39797268718
8.3991557524
8.41302059609
8.42137306809
8.43148976213
8.43547905092
8.43965982997
8.45163515079
8.45432691336
8.47365723996
8.47869598634
8.48858106001
8.49795470389
8.50555437341
8.50705044287
8.51861589981
8.52979876764
8.55300623735
8.55827140785
8.56116998068
8.56906171374
8.57392925007
8.58066088706
8.5831975787
8.59599116226
8.60224338791
8.61598386921
8.62777125529
8.63369996287
8.63710439387
8.64459998879
8.6564616563
8.66296811402
8.67139183969
8.67926806025
8.68679567403
8.70502884577
8.70839240546
8.71286872817
8.71705393227
8.71970714059
8.7363473321
8.73817367375
8.75204734382
8.7586779694
8.76499803026
8.7692587593
8.7869513621
8.79828625411
8.81343502181
8.81548032312
8.82389145561
8.8336659301
8.84168952263
8.85272063803
8.85761762215
8.86871567547
8.87749352375
8.88043491925
8.89222150211
8.89707317593
8.90656778992
8.91629957904
8.92028393073
8.93381405838
8.93556454058
8.94648708145
8.9586709636
8.9666607798
8.9705969883
8.97350511806
8.97972409781
8.9855025381
8.99255802283
8.99570494658
9.00899977038
9.01868435392
9.027864866
9.04152879996
9.04936419281
9.0540092381
9.06196680132
9.067289379
9.07298454186
9.08115814289
9.08713025989
9.09068732135
9.09578575384
9.10749128851
9.11238360734
9.11821146053
9.12038740967
9.13273981884
9.14206262305
9.14567071596
9.15532300778
9.16659023688
9.18145905225
9.19103434287
9.19715499194
9.19982248837
9.20208500127
9.21714158697
9.2294675456
9.23597164286
9.24512775085
9.25718569187
9.2616726302
9.27175841682
9.28532537092
9.289486334
9.29385970148
9.29579689305
9.30443267013
9.32812744921
9.33313578973
9.33576444196
9.35068895421
9.35622384656
9.36718145742
9.37246961893
9.37418888848
9.38633183452
9.39008793394
9.40015122531
9.40259923
9.41007621365
9.42541612482
9.42990720354
9.43851718267
9.44718748964
9.44886269212
9.45898329476
9.46771779336
9.4800940456
9.48506061024
9.49126574305
9.51678686818
9.52081231514
9.527716321
9.53123646253
9.53905784657
9.54319515617
9.55515925605
9.5649022347
9.57155754135
9.58134684133
9.58862785694
9.59185893437
9.59686525993
9.60249808212
9.60917507256
9.61832863215
9.62132364324
9.631344496
9.63711698325
9.64979293637
9.66211627192
9.66916215267
9.68004690771
9.68325478977
9.69042936322
9.69583808152
9.70075997463
9.70364597918
9.71143554947
9.72638132997
9.72901670525
9.7419809499
9.74937987467
9.75908612138
9.76479121545
9.77197865941
9.77997425958
9.78293882476
9.78736053974
9.79630716186
9.80501876778
9.81038004423
9.81839772586
9.82793207157
9.82892793956
9.84440437539
9.84701342352
9.84947197582
9.85527000999
9.86369676259
9.8756486694
9.87867714401
9.8826164638
9.89243610656
9.90079554964
9.90583205765
9.9095817222
9.92250656579
9.92829096061
9.93036223578
9.93315540271
9.93877922253
9.94398321899
9.95246151811
9.95778382868
9.97187182731
9.98029096956
9.98914011542
9.99501462326
10.001294524
10.0137328524
10.01683892
10.0211358012
10.0286315719
10.0369702967
10.0435885302
10.0473153759
10.0591139209
10.0695953902
10.0724859624
10.0788761323
10.0828456464
10.087268804
10.0944318443
10.1059470769
10.1124382971
10.1228898091
10.1299106215
10.1379677007
10.1416828833
10.1523655124
10.1623673347
10.167890892
10.1734475823
10.1798839677
10.1914877402
10.192006078
10.1945208618
10.2041020589
10.2176853843
10.2220579656
10.2251203014
10.2349760165
10.242878476
10.2494417357
10.2590342844
10.2646491592
10.2650363002
10.2716777438
10.2767847967
10.2838419026
10.2924806929
10.2960520653
10.3027585768
10.3097237149
10.317437851
10.3192533405
10.3303519384
10.3309286065
10.3406469746
10.3475840026
10.355315544
10.3606005638
10.3612282732
10.3708186524
10.3774443211
10.3836062507
10.3896485858
10.3936783871
10.4006965829
10.4069931325
10.4217342398
10.4298400963
10.4341282984
10.4401361391
10.445444596
10.4471948802
10.4567476664
10.4570372208
10.4605727074
10.4690709244
10.4715178509
10.4785839779
10.4902913093
10.4947092904
10.502274964
10.5112556312
10.5188674841
10.5281604464
10.5365164547
10.5431491598
10.5449382523
10.5516334523
10.5593086812
10.5602475236
10.5689769266
10.5733733792
10.5869769831
10.5899014769
10.598592318
10.6051958525
10.6089634768
10.615281556
10.6193699623
10.6374692674
10.6425060898
10.6467786986
10.6544084608
10.6575680972
10.6636092418
10.6651501252
10.6733784014
10.6846933098
10.6956735559
10.6997594739
10.7032605856
10.7200812488
10.7257500854
10.7277452896
10.7304985077
10.7377534101
10.739577333
10.7513652946
10.7557811111
10.7612625039
10.7698142175
10.778467921
10.7818770736
10.7939004975
10.79949962
10.805648983
10.8094720572
10.8132141514
10.8227741741
10.8231203244
10.8413735088
10.8426822228
10.8476469122
10.8493554246
10.8542359927
10.8649337845
10.8734197352
10.8781306013
10.8844506316
10.9011564744
10.9033724909
10.9095257929
10.9152618405
10.9205621005
10.9273183554
10.9335689648
10.9392395793
10.9468045056
10.9535139862
10.9597873705
10.9666389715
10.9786328056
10.9829432
10.9894169496
10.9937787981
10.9967420547
11.0061306378
11.0123201694
11.0193033609
11.0206007108
11.0284788733
11.0344643855
11.0452783632
11.0521629665
11.0569367865
11.0625301353
11.0684739443
11.0791544129
11.0797621748
11.0820900485
11.0978130846
11.0992830977
11.1098970593
11.1155891129
11.1207014231
11.1249593036
11.128261676
11.1299947595
11.1340449027
11.139739405
11.1500548284
11.155949969
11.1606505412
11.1667289547
11.1704985855
11.1772820016
11.1827592578
11.1882835495
11.1954762064
11.1989015016
11.2086093124
11.2152917965
11.2166290492
11.2253086998
11.2301319488
11.2378760202
11.2411891542
11.2467790676
11.2567957946
11.2590900618
11.2624969782
11.2667078076
11.2722480945
11.2769953885
11.2771941093
11.2826513019
11.2885898032
11.2919134131
11.3008918023
11.3087631272
11.3125785409
11.3165781462
11.3198251007
11.3286425713
11.336217875
11.3367087325
11.3437269966
11.3509054096
11.3592364159
11.3628347817
11.3642864804
11.3708439919
11.3752362601
11.3772254401
11.3788317707
11.3975099095
11.4006736175
11.4081648219
11.4108582866
11.4199664448
11.4297250553
11.4340091691
11.438501936
11.4451375082
11.4482039918
11.4561015302
11.4569311967
11.4654150246
11.4724750961
11.4787595273
11.4835669593
11.4911588952
11.4953334648
11.4970083255
11.5000861832
11.5051846827
11.5093629918
11.5098476605
11.5147414551
11.5200732855
11.5279628072
11.5329106031
11.5377010087
11.543055216
11.5448579993
11.5496377849
11.5557211081
11.5589874116
11.5617415508
11.5693965711
11.570070844
11.5797007226
11.5853663397
11.5920784242
11.5993734313
11.6033546716
11.6102637612
11.612600094
11.6180068196
11.6211488129
11.6292725698
11.6323338331
11.6366536204
11.6403617801
11.6493166784
11.6509895809
11.6564077276
11.6649032801
11.6652724273
11.6677505729
11.6765612934
11.6817914298
11.6839307988
11.6865662865
11.6913719634
11.6943703221
11.6993407802
11.7044302145
11.7047058802
11.7111864428
11.7147351565
11.7155080997
11.7215262792
11.7274511107
11.7328220146
11.7353975862
11.7400189521
11.7426451361
11.7481881585
11.7505925414
11.7557075178
11.7574943094
11.766811977
11.7682277978
11.7771984826
11.7792557701
11.7819433047
11.7924046039
11.7957743392
11.7991989895
11.8019576919
11.8082880688
11.8093854752
11.8140377911
11.8182796992
11.8291375517
11.8326878008
11.8343013321
11.8389861133
11.8432731321
11.8456026757
11.8514788552
11.8551246862
11.8599238692
11.8634088878
11.8663557058
11.8695137871
11.8729931354
11.8770599057
11.8793128233
11.8833985791
11.8918737794
11.8980372285
11.8990586692
11.9063163591
11.9082422134
11.9102907516
11.9154655353
11.9249456845
11.9271176128
11.9298722284
11.9310605932
11.9437881195
11.945860319
11.9545022152
11.957813952
11.9645992724
11.9706153849
11.9731728123
11.9755933375
11.9774992695
11.9849272032
11.9863218214
11.9892804956
11.9939073063
11.9980075628
11.9994754817
12.0092617156
12.0108072892
12.0165892765
12.028812497
12.0291670654
12.0348680552
12.0390828138
12.0454782882
12.0536788836
12.0560250296
12.0588638499
12.0619570131
12.0629695822
12.0703193888
12.0746176016
12.0845761989
12.087551206
12.0924576266
12.0963500652
12.1006895427
12.110497902
12.1119649407
12.1181285236
12.1203087473
12.126441741
12.1281363524
12.1362801197
12.1426839211
12.1465704473
12.1529776229
12.1587026616
12.1619625081
12.1661091942
12.1710607404
12.1743717392
12.1793126071
12.1853769678
12.1901921425
12.1941114792
12.1974006284
12.2006493825
12.202087768
12.2121805042
12.2146451874
12.2158176471
12.2184496061
12.2233027252
12.229911795
12.2329023122
12.2360268783
12.2418656632
12.243932027
12.24547253
12.2529052645
12.2595593474
12.2658842285
12.2684972419
12.2712907887
12.2747647639
12.2779824766
12.2804457846
12.2910486679
12.2921155264
12.2971809367
12.3001979356
12.3029516847
12.310625746
12.3161713538
12.3176874074
12.3226613213
12.3267536297
12.3296368537
12.339463324
12.3457448439
12.3465789513
12.3498912141
12.3558296978
12.356668846
12.3621986304
12.3667790066
12.3711617173
12.3737018553
12.3767857501
12.3873902143
12.3885958056
12.3966508642
12.3984055776
12.4014881198
12.4036026384
12.4126830544
12.4184303605
12.4223817383
12.4289866497
12.435127717
12.4389333776
12.4414045942
12.4432590037
12.4506381219
12.455865148
12.4607409607
12.4639051496
12.4691189028
12.47391535
12.4775176704
12.48299982
12.486144283
12.4901471154
12.4970346167
12.5036890075
12.5060828396
12.5106710678
12.5123645847
12.518370867
12.5243455551
12.5261397179
12.5341807539
12.5359822012
12.5416075419
12.5459333297
12.5510485212
12.553612552
12.5596381692
12.5605362458
12.5644583203
12.5712942204
12.5773397092
12.5787382362
12.5892256106
12.590768306
12.5924232467
12.5952168427
12.6063072812
12.6089401582
12.6102038583
12.6162803193
12.6203182119
12.629334811
12.6315645787
12.6340990223
12.6429654673
12.644316932
12.6535987649
12.6563155048
12.6573958906
12.6606392603
12.668336617
12.6718648097
12.6750447212
12.6762292292
12.6815008174
12.6891972625
12.6969588191
12.7017990291
12.7032078815
12.7078533698
12.7153306009
12.7206856318
12.7240034955
12.7304926223
12.7351790042
12.7397822071
12.741462337
12.7480075293
12.7537294552
12.7552373578
12.7579294949
12.7671120149
12.7682209856
12.7691921529
12.7751343339
12.7783365358
12.7862023446
12.7927775152
12.7954505018
12.7962950788
12.7996606786
12.8047155262
12.8070885985
12.8148017607
12.8188065815
12.8224228415
12.8271834466
12.8313478315
12.8378940108
12.8431681607
12.8502947856
12.851161046
12.8569562698
12.8629662416
12.8648071806
12.8666562774
12.8726014076
12.8810333772
12.8844466722
12.8890600596
12.8908632883
12.8963665172
12.9007228525
12.9061605567
12.908487594
12.9173710553
12.9213322377
12.9262000599
12.9269475808
12.9308013819
12.9392288307
12.9423620845
12.9475892968
12.9510733026
12.9544573531
12.9588396751
12.9615896533
12.9638304084
12.971026554
12.9729125527
12.9762466063
12.9779208506
12.9872904222
12.9915283345
12.9949061073
12.9963281877
13.0056055304
13.0081195615
13.0124802217
13.017442385
13.0198848459
13.0237296891
13.0293944708
13.0325489744
13.035741452
13.0412067274
13.0485265095
13.0539234534
13.0558405753
13.0625513179
13.067464913
13.0704960838
13.0742041534
13.0766663185
13.0836995432
13.0871802006
13.0905080404
13.0968991477
13.1009492037
13.1051237099
13.1114823117
13.1165238444
13.1217580993
13.1236664544
13.1293895325
13.1316875736
13.1367398473
13.1419586781
13.1435033835
13.1468290041
13.1506994196
13.1521838582
13.1592335035
13.1696242568
13.1712985962
13.1752232995
13.1789439138
13.1837460673
13.1881986826
13.1908551786
13.1997878037
13.2040212163
13.2050095374
13.2113729977
13.2141940788
13.2171902376
13.2182515255
13.2293903825
13.2310802847
13.2358127357
13.2418096761
13.2442843996
13.2471409061
13.2505919699
13.2552650709
13.2581764558
13.2612556956
13.2638351518
13.2764598664
13.2788427184
13.2809423012
13.2836601654
13.2913893777
13.2962971328
13.2966029131
13.3035702125
13.3076096776
13.312129896
13.3157033236
13.318224632
13.3228713508
13.3237885146
13.3302363596
13.3343921867
13.3389974094
13.3424635646
13.3478313306
13.3525772626
13.356151923
13.3583922787
13.3675150753
13.3688682091
13.3704655419
13.3766956423
13.378488833
13.3818330191
13.3859475876
13.3877007134
13.3994248778
13.4029082497
13.404858314
13.4089036669
13.4105407913
13.4168433694
13.4237444064
13.4255027792
13.4269891242
13.4338511958
13.4348764616
13.4407796963
13.4443568803
13.4482924404
13.450956252
13.4589433832
13.4635523069
13.4707028082
13.4746683825
13.4807231422
13.481332285
13.4850824713
13.4897160939
13.4955778472
13.5001631547
13.5061500814
13.508493498
13.514205103
13.5179496456
13.5230512881
13.5247286195
13.5268183045
13.529274085
13.5352320827
13.5414791761
13.5470560361
13.5532486203
13.5572591751
13.5618721449
13.566239401
13.5690028201
13.5719100739
13.5797240571
13.5893897795
13.5908735815
13.5973556279
13.5989172176
13.6024054388
13.6052270843
13.6113878826
13.6152089033
13.6226769804
13.6238145636
13.6288731699
13.6337712463
13.635675494
13.6382305801
13.641762484
13.6470105335
13.647928678
13.6549130717
13.6621873207
13.6677642821
13.6706520733
13.6760966302
13.6814009868
13.6866332764
13.6914749605
13.6928973861
13.6969656856
13.700536996
13.7053935461
13.7104288139
13.7156567833
13.71834672
13.7196510816
13.7235098607
13.7275027763
13.7301193909
13.7329160301
13.7367900213
13.7410942004
13.7467423865
13.7525450168
13.7553931984
13.7640252805
13.7674764473
13.7686214242
13.7693670097
13.7710272031
13.7752931545
13.7799178901
13.7821301257
13.7863105461
13.7906197006
13.7970831055
13.8036543263
13.809317396
13.8103910589
13.8158999511
13.819804651
13.8229645408
13.8281617132
13.8319375425
13.8331741056
13.8442138084
13.8455344178
13.8517701378
13.8543551182
13.8594260346
13.8645750451
13.8676526765
13.8700153997
13.8782143607
13.8823366727
13.8888685002
13.8933111119
13.8980499505
13.901999135
13.9089706787
13.9108370728
13.9120168741
13.9222650899
13.9287262957
13.9367829129
13.9375121432
13.9433437399
13.948878569
13.9510174579
13.9538685932
13.9603304791
13.9617339153
13.9661534755
13.9688417026
13.9726098587
13.9788775562
13.9835654346
13.9888489639
13.9995287344
14.0031942073
14.0058429857
14.0092395895
14.0098440228
14.0176423772
14.0204413978
14.0232527451
14.0270522043
14.0282830218
14.0326704349
14.036869722
14.0408241899
14.0421191595
14.0452105749
14.0502873949
14.0537559954
14.0588718618
14.0657144731
14.0677384782
14.0717422416
14.0783187702
14.0795645707
14.0842719131
14.0917879442
14.0952395801
14.0966383826
14.0994287982
14.1076295163
14.1106570452
14.1139880637
14.1162306759
14.1204962791
14.1248407362
14.1289087899
14.1318028904
14.1341027755
14.1364202356
14.1413830185
14.1433268537
14.1471163063
14.153480809
14.1574940246
14.1659351924
14.1716467124
14.1754464208
14.1833658141
14.1866732
14.1914561353
14.1923922101
14.1956046381
14.1988995467
14.2032523696
14.2069145541
14.2086549173
14.213090226
14.2183686082
14.2206951443
14.2214146382
14.2334877837
14.2352244575
14.241072729
14.2419677638
14.2457014525
14.246836252
14.2492068381
14.2566838616
14.2639229327
14.2656490683
14.266937725
14.2767758872
14.2827215441
14.2861718952
14.2886621242
14.2912638392
14.2970166231
14.3019132203
14.305214239
14.3082295797
14.3118472629
14.3147438213
14.3187076444
14.3209492185
14.3321391592
14.3368596687
14.3402923397
14.3414199124
14.3450613188
14.3521895262
14.3576407657
14.361967854
14.366127746
14.3693077886
14.3750407975
14.3790532062
14.384719863
14.3911725934
14.3949105422
14.3962881556
14.4014216807
14.4062749405
14.4077287482
14.4099987452
14.4142480563
14.4232326859
14.4272369786
14.4302952401
14.4338885196
14.4360684862
14.437596901
14.4430258821
14.4536770438
14.4557089562
14.460245862
14.4622842934
14.4643289597
14.4695183243
14.471697414
14.4747239403
14.4797059875
14.4863951483
14.488738285
14.4924286067
14.4943381886
14.4982980549
14.5038240292
14.5095413464
14.5123185025
14.515944283
14.5193427813
14.5288435255
14.5329261343
14.5348363126
14.5370619308
14.5407188456
14.5469875561
14.5514088611
14.5528412045
14.5630752523
14.5645274525
14.568321666
14.57144508
14.5740887102
14.5781337414
14.5865661822
14.5876455008
14.5924087081
14.5980068094
14.6005425977
14.6052712053
14.6123602334
14.6131433579
14.6193193016
14.6204896294
14.6250957809
14.6274725328
14.6341861497
14.6371468522
14.6388799322
14.6472762042
14.6486338753
14.6508831139
14.6568818462
14.6637833384
14.6645558266
14.6673203532
14.6716495609
14.676596643
14.6804194353
14.6830157177
14.6917103275
14.6936510766
14.6964082751
14.7010411589
14.7025058672
14.7088945383
14.7121263644
14.7164591071
14.7184234711
14.7249157756
14.7296104685
14.7346149756
14.7362967617
14.7407530858
14.7441105033
14.7460296033
14.7505990704
14.7568195257
14.7623040058
14.7639662184
14.771346928
14.7761122393
14.7813821103
14.787091969
14.7929249366
14.7938356555
14.801565324
14.8024532754
14.8054408854
14.8115508225
14.8121153951
14.8179330744
14.8206805507
14.8281979537
14.8291780362
14.8331619505
14.834227663
14.8383364759
14.8479434465
14.8511200113
14.8568005052
14.8626935635
14.866113255
14.866213928
14.8724862912
14.8763481348
14.8800313957
14.8821973824
14.8865976985
14.8908120159
14.8981227456
14.898986385
14.9010232701
14.9106347288
14.9130548219
14.9173275481
14.918190082
14.9210766316
14.9243865005
14.9305184822
14.9339882769
14.9384092273
14.9432518445
14.9455248687
14.9487303468
14.9570744273
14.9595399912
14.963862447
14.9648418769
14.9682700991
14.9783014606
14.9830630506
14.9866760426
14.9928378311
14.9957956604
15.0027983023
15.0077566859
15.0119273604
15.0164662821
15.019576271
15.0208844579
15.0243868112
15.032943934
15.0350336677
15.0403137751
15.0428709708
15.0447574632
15.0459018822
15.0533396077
15.0586393505
15.0698469048
15.0754337722
15.0785635402
15.0831777718
15.0884232087
15.0933053613
15.0945437508
15.0997341237
15.1026262208
15.1094155464
15.111814084
15.114679905
15.1159977593
15.1234571469
15.1277203231
15.1344301467
15.1382978358
15.1423321166
15.1461853003
15.1481579127
15.151603506
15.1565424993
15.1603307971
15.16357464
15.1681752433
15.1732066667
15.1738460078
15.1784197157
15.1795312136
15.182944853
15.186937078
15.1919528487
15.1990732885
15.2022831192
15.2068227237
15.2085124313
15.2142769299
15.2233338778
15.2298568378
15.2311464777
15.2378348278
15.2383963275
15.2463412043
15.2495270657
15.254665499
15.2562233377
15.2583706151
15.2685612733
15.2710657856
15.2766567578
15.2780606025
15.2825941186
15.2874894264
15.2901236863
15.2943728918
15.2997751356
15.3015755235
15.3090447049
15.3165554114
15.3182727947
15.3199262268
15.3257622926
15.3296626323
15.3302865629
15.3409441218
15.3488017028
15.3530315574
15.3546637671
15.3575163898
15.362963767
15.3664285487
15.367153909
15.3735091551
15.3773890518
15.3781743222
15.3808779658
15.3911551322
15.3942026708
15.3962353946
15.4013881171
15.4076362904
15.4174480453
15.4207891718
15.4228806836
15.4281890505
15.4325636506
15.4363258137
15.4387316853
15.4490899708
15.4541400459
15.455935152
15.4585338706
15.4634179426
15.4675352918
15.4746211748
15.4842243644
15.4846074967
15.4908930582
15.4932738688
15.499020512
15.506265052
15.5116959471
15.518838807
15.5206987508
15.5332865689
15.5350630046
15.5391267822
15.539411138
15.5473931241
15.5538941395
15.5590062514
15.5641374812
15.5688121462
15.5730290293
15.5771808825
15.5801759271
15.5914928603
15.5930990331
15.6011675246
15.6033796567
15.6087058988
15.6121399706
15.6214262813
15.6255761814
15.6290925256
15.632205315
15.6377032454
15.6469361185
15.6480219937
15.653362277
15.6577544631
15.6615247122
15.6640028063
15.667982396
15.6755933722
15.6778363789
15.6813635325
15.6861191206
15.6889300242
15.6936075304
15.6942968818
15.6964069807
15.7073507718
15.7087528985
15.7135197751
15.7176796436
15.7249998708
15.7282963603
15.7322099346
15.7381391854
15.7421617755
15.7429431279
15.7500750139
15.7549969558
15.7597596926
15.7676392595
15.7677237841
15.7699169904
15.7746768786
15.7777163064
15.7807068112
15.7837804862
15.7858675645
15.7892516335
15.7973854919
15.8018689181
15.810795567
15.8122932628
15.8189026623
15.8211256736
15.8283085032
15.8354334214
15.8384139101
15.8498898681
15.8523495993
15.855225351
15.861613112
15.8624855165
15.8729873917
15.8740135907
15.8773316582
15.8801585132
15.8900508648
15.8933875118
15.8969720596
15.898932353
15.9039131271
15.9110554246
15.9133845078
15.9220023025
15.9265040549
15.9327451093
15.9375453044
15.9497355377
15.9517271771
15.954949544
15.9579695492
15.9643206503
15.968145561
15.975090609
15.9791385115
15.9816359758
15.9886392648
15.9934451629
15.9964986699
16.0000550894
16.0075084801
16.0143947399
16.0198670875
16.0239003358
16.0315926007
16.0405666621
16.0463109737
16.0483237322
16.0596985543
16.0667604727
16.067638922
16.0725229977
16.0829711504
16.0855976727
16.0887353619
16.0904824475
16.0964679061
16.1044625105
16.107424087
16.1082618348
16.115612298
16.118416946
16.1280635351
16.1346734398
16.138308734
16.140593246
16.1458315595
16.1523410324
16.1590608044
16.1606914976
16.1655193902
16.1723485563
16.1780581533
16.1830232828
16.187456029
16.1930287863
16.1953439521
16.1991899432
16.2039036332
16.2122578357
16.2199965879
16.2242334411
16.2296599731
16.2351383284
16.2395924602
16.2436591251
16.2473403115
16.249636288
16.2544141297
16.2619804509
16.2678312858
16.2709659313
16.2756088697
16.2856175746
16.2882896869
16.2925821296
16.2930976759
16.2979287374
16.3058467113
16.3119597639
16.3142591028
16.3190117825
16.3204600423
16.3262957129
16.3312030875
16.3350233305
16.337285481
16.3435480494
16.3443741091
16.3516597654
16.3538429007
16.3632612812
16.366512905
16.3676034754
16.3742904745
16.3782583229
16.3821892772
16.385285695
16.3883366471
16.397324569
16.3999723617
16.4045912403
16.4099897552
16.412671408
16.4182094702
16.422809515
16.4282691007
16.4331809892
16.4378492216
16.4405345633
16.4435621166
16.4477029641
16.4585922018
16.4597629273
16.4648051451
16.4710544516
16.4773822501
16.4787007711
16.4804548577
16.4888692525
16.4943880546
16.5008901149
16.502779086
16.5074207389
16.512333075
16.5155863904
16.5172824394
16.5257714574
16.5346795229
16.5369366494
16.5426672612
16.54646358
16.5497881845
16.5542421537
16.5575494756
16.5648434821
16.5683110321
16.5718104636
16.5820962769
16.5871959166
16.590378334
16.5988150365
16.6058406763
16.6074732172
16.6185726647
16.6240696649
16.6276917342
16.6311612277
16.6341094834
16.6359457428
16.6422268013
16.6476638081
16.651353275
16.6565229933
16.6641131373
16.6669374168
16.6768942544
16.6795613806
16.681158528
16.6831924364
16.690554479
16.694654798
16.6990974763
16.7025001744
16.70903038
16.7107185198
16.7169450221
16.7181936923
16.7262327378
16.7324070218
16.7360421576
16.7391268738
16.7427832627
16.7437129988
16.7501481171
16.758201277
16.7602003937
16.7623894517
16.7711166938
16.7721986483
16.7780554231
16.7844799883
16.7891918273
16.7971211268
16.8024705561
16.8055545841
16.8118743979
16.8194893622
16.8273168744
16.8285615734
16.8322031678
16.8427715995
16.8458465098
16.8496114941
16.8606127567
16.863438445
16.865802392
16.8696566365
16.878234483
16.8854240029
16.8918251197
16.8968355903
16.9001849849
16.9050036027
16.9080401652
16.9175190689
16.9215150572
16.9257167567
16.9267512421
16.932761982
16.9392344276
16.9460810232
16.9524690155
16.9553598385
16.961198148
16.9697481239
16.9727037149
16.9776284896
16.9826310161
16.9876155493
16.9958339992
17.0022421478
17.0040251254
17.012406644
17.020001998
17.0215884397
17.0235808632
17.0326455182
17.0348985474
17.0436064632
17.0473111773
17.0609486343
17.0644380882
17.0674926331
17.0686537551
17.0750150432
17.0782283704
17.0844293808
17.0871340611
17.0911768152
17.1023350693
17.1043453261
17.1075872953
17.1136192856
17.1158101268
17.1199130891
17.1248787359
17.1301987649
17.1346452408
17.1397313096
17.1427900224
17.1478586012
17.1544686404
17.1593720286
17.1625165148
17.16688891
17.1718878684
17.178750968
17.184202737
17.1871341516
17.1930277367
17.2006364748
17.2108575438
17.2133472791
17.2171711557
17.2230954245
17.2250802877
17.2309698814
17.2361409796
17.236960409
17.2405207755
17.2449464298
17.2465717239
17.2524794548
17.2563950001
17.2646337673
17.2666830057
17.2705269153
17.2737962559
17.2786004894
17.2810602375
17.286980733
17.2889605868
17.2917520676
17.2978258685
17.3040147138
17.3065714185
17.31156159
17.3146773028
17.3201914381
17.3297085329
17.3372375211
17.343760256
17.3469846427
17.3526749481
17.3536268152
17.3606279846
17.3640680268
17.3730093124
17.3773989487
17.3857981148
17.3865484871
17.4007810153
17.4047982213
17.406708926
17.4123246951
17.4165073843
17.4178690345
17.4230229993
17.4314868979
17.4391523341
17.4470978681
17.4586795145
17.4601136604
17.4635583732
17.4663391589
17.4729352946
17.474531186
17.4752311263
17.4857661212
17.486357398
17.4946108165
17.495804881
17.4997585026
17.5041616111
17.5144330632
17.5156910729
17.521857832
17.526971349
17.5357779266
17.5389307544
17.5557730518
17.5617225297
17.5686802095
17.5697893162
17.5730002102
17.5776239307
17.5837104815
17.5876202161
17.5979571053
17.6003004338
17.6036087324
17.6068682886
17.6142647982
17.6184791674
17.6235666319
17.6276173558
17.6333391245
17.6430880507
17.6471112357
17.6494441196
17.655454813
17.6592480433
17.6607506791
17.6672430406
17.6731604069
17.6795298034
17.6810124381
17.688901811
17.6932522661
17.702939878
17.7058219246
17.711538861
17.7151406019
17.7192069092
17.7214299345
17.7245748496
17.7296705717
17.7405001099
17.7433618338
17.7526619635
17.755083781
17.7604846078
17.7626889243
17.7703036793
17.7752474615
17.7775269655
17.7794256065
17.7865326955
17.7918127383
17.7967198331
17.800917037
17.8044516301
17.8139687754
17.8185360954
17.8308270391
17.832855079
17.8394081269
17.8436584144
17.846820659
17.850048204
17.8558961195
17.8617536533
17.8642820234
17.8727279484
17.881347026
17.883386758
17.8915405976
17.8964123515
17.89987081
17.9066685209
17.9116607608
17.917466236
17.9222083173
17.9271112834
17.9321113411
17.934699414
17.9395080843
17.9449961885
17.9472103985
17.9603993805
17.9625164428
17.9653085776
17.9775859618
17.9814404991
17.9847903815
17.9935095479
18.0013400781
18.0035114883
18.008395979
18.0112030776
18.0209286348
18.0255310001
18.0312369471
18.0365460707
18.0406137765
18.0481753566
18.0528391323
18.0563125536
18.0600029561
18.0637537023
18.0693296669
18.0745174
18.0791985041
18.0822158712
18.0877946577
18.0919048498
18.0980267841
18.1042709532
18.1053882266
18.1108611833
18.1168581018
18.1218342472
18.1295915777
18.1355239048
18.1427067434
18.151527561
18.1551636158
18.1606754907
18.1683111205
18.1687355082
18.1749083669
18.1811852777
18.1868805348
18.1894437996
18.1975737478
18.202841385
18.204817801
18.2147031407
18.2197840803
18.2280313795
18.2330008669
18.2386926088
18.2430859321
18.2552273434
18.2581179151
18.264167121
18.268208706
18.2699352483
18.2776843828
18.2840310645
18.2851210358
18.2917216789
18.2924628281
18.2982017866
18.3045195764
18.309014934
18.3172560697
18.3194165567
18.3285217051
18.3329235506
18.343262566
18.3477128062
18.3516977422
18.353630777
18.3581038435
18.3658264901
18.3697687299
18.3739664647
18.3765551835
18.3876089783
18.3931310402
18.399573201
18.4029365059
18.4146386913
18.4241482288
18.4287186968
18.4301792826
18.4320158066
18.4390959541
18.4472795114
18.4522227647
18.4599260804
18.4606187669
18.4676514154
18.4725055273
18.4799702371
18.4846074077
18.4899839955
18.4913540977
18.4936201168
18.5000179117
18.5088817047
18.513863706
18.5213680837
18.5247479321
18.5291649046
18.5305879689
18.5364644604
18.5428630673
18.5450574948
18.5554008044
18.5573352853
18.5645663672
18.568080085
18.5693008188
18.582827255
18.5852666234
18.5888993512
18.5964348719
18.5985910266
18.6055287276
18.6121356569
18.6166306321
18.6236053767
18.6267279417
18.6314902323
18.6392493238
18.6414407818
18.649106255
18.6523399072
18.6606439518
18.6672721361
18.6792513736
18.6824188595
18.6861592452
18.6930466174
18.6957921324
18.6973391035
18.6983655722
18.705757675
18.7080164586
18.7211561877
18.729167973
18.7342624869
18.7422775944
18.7509199632
18.7548613521
18.7613052914
18.7762428036
18.7790711485
18.7844761034
18.7927834603
18.7988773927
18.8027877397
18.8066882395
18.811845578
18.8184502395
18.8313933704
18.8346371666
18.8424095335
18.8446241201
18.8570900758
18.8605332459
18.8681584946
18.8721048471
18.8787855632
18.8870653609
18.8945493818
18.8990877862
18.9024254346
18.9054987278
18.9091739184
18.9151762433
18.9215891407
18.9307443637
18.9394875499
18.9425301548
18.9470452079
18.9547814455
18.9567789124
18.9612813937
18.9645055188
18.9744065545
18.9768028366
18.9873439321
18.9938041275
19.0000906115
19.0111281579
19.0172610935
19.0236933673
19.0242020279
19.0341574573
19.035926531
19.0411828711
19.0435760175
19.0483656213
19.0543445852
19.0581930937
19.0605766609
19.0673943205
19.0753112561
19.0759121674
19.0803140468
19.0806523974
19.0907266514
19.0963320595
19.1003841766
19.1042495419
19.1068569041
19.1129656119
19.1212189567
19.1301329465
19.1350281322
19.1413186883
19.1456510769
19.1526291927
19.1579468103
19.1689780282
19.1749752262
19.1781518863
19.1814740139
19.1858787196
19.1912797881
19.19641027
19.200004932
19.2057966474
19.209673129
19.2116677977
19.2221940072
19.2279146678
19.2335143552
19.238387201
19.2391415067
19.2427539208
19.2477657415
19.2497582145
19.2535525818
19.2603930474
19.2622408579
19.2674053863
19.2740114481
19.281367567
19.2826800368
19.2920245904
19.2959908854
19.3079308146
19.3154913736
19.3203884625
19.3238639318
19.3314132293
19.3355555488
19.3420833319
19.3504824128
19.3576649102
19.3631816556
19.3669876452
19.37058385
19.3732451226
19.3771729662
19.3921926733
19.3972658035
19.3977394184
19.4101168992
19.4144798349
19.4187516225
19.4239878502
19.4262575739
19.4299878189
19.4393325166
19.4454116943
19.4523960322
19.4559227135
19.4577866753
19.4644962456
19.4779179206
19.482495052
19.4944281717
19.4972496705
19.5073243545
19.5089328866
19.5232679029
19.5246418604
19.5330453493
19.5362269816
19.5442253371
19.5510567828
19.5532344963
19.562316327
19.5698250695
19.5715245708
19.5784493932
19.5921722881
19.5952055629
19.6016065082
19.6122067504
19.613951418
19.6249035708
19.6278952555
19.6334224382
19.6414923075
19.6454109221
19.6554971783
19.6593243406
19.663602183
19.6695418112
19.6739528588
19.6857494968
19.6877564322
19.6896303695
19.6994153295
19.707012674
19.7151543636
19.7174160546
19.7221127455
19.7297848572
19.7320685185
19.7375593998
19.7436720469
19.7489381438
19.7534528005
19.7653594919
19.7666047678
19.7693833401
19.7777235017
19.7789126243
19.7889558967
19.7906862012
19.7954365127
19.805034096
19.8057355894
19.8228011164
19.8310298057
19.8330634659
19.8410961419
19.8462417864
19.8489097835
19.8535425508
19.8593210004
19.8662543502
19.8723296163
19.8747424365
19.8799891668
19.8849099698
19.8945116374
19.8970516481
19.8976451592
19.9147620299
19.9172645849
19.9222380696
19.9391215727
19.9491336939
19.9525754441
19.9556881257
19.9635391871
19.9757287133
19.9779063466
19.9814125306
19.9865518394
19.9949233837
19.998609088
20.0032886778
20.0102082694
20.0174812386
20.0201830408
20.0264573941
20.0319979983
20.0382177612
20.0468335232
20.0497965932
20.0560169505
20.0598587809
20.0626103389
20.0668043637
20.068395465
20.0835520563
20.0857413401
20.0867609513
20.0946265554
20.1072911562
20.1108721085
20.1158929295
20.1198682078
20.1235147928
20.1298387543
20.131544395
20.1385002027
20.1439011949
20.1475430331
20.1536650023
20.160666386
20.1663180353
20.1724008317
20.1755767575
20.1803302275
20.1879817639
20.1951289317
20.1989370754
20.2044906566
20.2117923735
20.2166499066
20.2202415061
20.2304342252
20.23400376
20.2360874498
20.2405975294
20.2453456083
20.2491934044
20.2553173866
20.2590446873
20.2599621437
20.2661950555
20.2742531611
20.2783150165
20.280508063
20.2873803355
20.2917285764
20.3018527101
20.3089480711
20.3155097059
20.3233947214
20.3251772255
20.335865762
20.338872688
20.3443608583
20.3468295363
20.3557077717
20.3604816593
20.3639950406
20.3733742545
20.3783223995
20.3843751225
20.3886306335
20.3952660641
20.400167898
20.4092499113
20.4156707453
20.4174951085
20.4233142389
20.4300327187
20.4322259786
20.4398286982
20.4408630789
20.4490033617
20.4511582405
20.4595989162
20.4641902318
20.4681463166
20.4763502653
20.483290624
20.4883128123
20.496923686
20.5046033923
20.5112267525
20.5130078341
20.5152170239
20.5212813936
20.5316292239
20.5424266534
20.5470466533
20.5586304495
20.5604037963
20.5645558124
20.5694216633
20.5725793532
20.5763738625
20.5842519752
20.5909150161
20.594859673
20.5984176995
20.6093311575
20.612730378
20.6131240021
20.6259104448
20.6316216436
20.6355539286
20.6413126705
20.6542056505
20.6567874133
20.6628009253
20.6713811636
20.6751825721
20.6778942988
20.6818788927
20.6903826818
20.6962169833
20.704407923
20.7076992326
20.7148641402
20.7243285715
20.726150249
20.7332668867
20.7414129495
20.7498866388
20.7538675566
20.7588360649
20.7675832894
20.769683784
20.7743654088
20.7797354382
20.7874240165
20.7969553054
20.7990694766
20.8061848553
20.815610707
20.8184826673
20.8287613118
20.8345813835
20.8457036322
20.8479376366
20.85511715
20.8596146724
20.8665954186
20.8786850342
20.886695362
20.8899375974
20.8926689982
20.9078027469
20.9160880697
20.9194385249
20.9298016093
20.9326307227
20.935851847
20.9382168099
20.9442841936
20.9512319974
20.9583883166
20.9620618878
20.9667127376
20.9733180146
20.9797812182
20.9877574312
20.9933634297
20.9981178827
21.0004475141
21.0070006057
21.0152352547
21.0196708154
21.0248891454
21.0313914251
21.0360527835
21.0433573012
21.0526655554
21.0584161944
21.0626437066
21.0708375969
21.0762264014
21.0846452733
21.0874585394
21.0917934775
21.0977798325
21.1080097861
21.1122357366
21.1181331183
21.123349619
21.1334808873
21.1381664735
21.1461936858
21.152575707
21.1619071532
21.1695226848
21.1734306133
21.1752200282
21.1799343221
21.184395632
21.1915616044
21.2036129856
21.2090564507
21.2139217382
21.2198171989
21.225711425
21.2291266167
21.2346620802
21.2430166726
21.2477667696
21.2547006533
21.2648519493
21.269601474
21.2763790038
21.2845892402
21.2914352803
21.2945142709
21.2990072148
21.308404895
21.3196607669
21.319966125
21.3272033265
21.3370576853
21.3436426554
21.3478825158
21.3568005907
21.3573750476
21.3636721931
21.3693141216
21.3742259173
21.3779626655
21.3834317779
21.3950773884
21.4074180509
21.4086615851
21.4143816314
21.4228939025
21.4270282724
21.4289438725
21.4407956393
21.4471128435
21.4520979693
21.4570083563
21.4670309239
21.4736260244
21.4946153012
21.4950230078
21.5016427325
21.5075456245
21.5103749437
21.5208936562
21.5263542951
21.5320372929
21.5406130298
21.5431223432
21.5532625259
21.5591376703
21.5650130495
21.5670589693
21.572869429
21.5846123983
21.5903785212
21.6004649376
21.6020804288
21.6091332758
21.6150353633
21.6204757938
21.623575726
21.6283211952
21.6324032479
21.6441358813
21.6500229014
21.6523799418
21.6561394991
21.6635226821
21.6734834071
21.6812445703
21.6895232806
21.6958013599
21.7078117994
21.7086529842
21.7203593627
21.7260099948
21.7284103588
21.7339799112
21.7420009146
21.7468851335
21.7544643155
21.7640684073
21.775144515
21.782483718
21.7917527278
21.7946857664
21.7977734152
21.8090687902
21.8185768553
21.8229233696
21.824806903
21.8324612772
21.8365126843
21.850368278
21.8521616073
21.8611962901
21.8739222164
21.8789748401
21.8884200976
21.8948203731
21.8977419784
21.90518536
21.9122027533
21.9158921812
21.9227290923
21.9276232376
21.9332932346
21.9386949455
21.9440851707
21.9459957518
21.9544377856
21.9575686678
21.964018506
21.9701491395
21.9766400796
21.984070484
21.9848663725
22.0017549496
22.0029186449
22.0047878258
22.0115846963
22.015082189
22.0215196081
22.0283170806
22.0309903156
22.0348239415
22.0411308936
22.0472002724
22.0508757825
22.0548289636
22.0591599069
22.0616456828
22.0706792421
22.0739650931
22.0772169447
22.0863526122
22.0974716722
22.1009111839
22.1093840665
22.113721171
22.1168723776
22.1226495087
22.1291838792
22.1337290288
22.1412213422
22.1442799657
22.1592745431
22.1618101719
22.1652474255
22.1708952644
22.1789977488
22.1874758375
22.1886989659
22.1911409725
22.1996130043
22.2052362961
22.2133245127
22.2138867028
22.2241023036
22.229256759
22.2311031559
22.2387628982
22.2452115914
22.2509779566
22.2529541897
22.2616951268
22.2681134181
22.2720971652
22.2867633617
22.2934163166
22.2982928919
22.3057374581
22.3081926824
22.3151860184
22.3208032969
22.328945995
22.3324799296
22.3418249648
22.3520166428
22.3592913364
22.3602374957
22.3687840533
22.3714266659
22.3812133125
22.3845048353
22.4002591411
22.4106212324
22.4188719947
22.4212521867
22.4321969884
22.4388136001
22.4451058372
22.4567915014
22.458002897
22.4683152081
22.4744301078
22.4828629308
22.4909817798
22.4968031757
22.5081108749
22.5131946214
22.519171689
22.5221610024
22.5280480669
22.5375189008
22.544246694
22.550372954
22.5570459878
22.5585851714
22.5626006372
22.5663765072
22.5761771366
22.5837901902
22.5897488068
22.6006888158
22.6059897476
22.6090237332
22.6135993751
22.6240957304
22.6265956812
22.6359901462
22.6402444665
22.6416749469
22.6492855095
22.6529647174
22.660132651
22.6747196867
22.6769480502
22.6878710116
22.6953993223
22.6962317547
22.7026936516
22.7109608484
22.7135465808
22.7225020379
22.7355466051
22.7388250518
22.7440391593
22.7475704259
22.7571061943
22.7600591717
22.769298087
22.7737737364
22.7801021873
22.7913745658
22.795166228
22.8010037276
22.8048887
22.815849442
22.8215538979
22.8267368665
22.8295529904
22.8379454578
22.8430758843
22.8487617865
22.8586976867
22.8640367811
22.8764871561
22.8782090024
22.8830678215
22.8960787672
22.9059099281
22.9072046449
22.9166670608
22.9248053214
22.9390212236
22.9427495349
22.9460727101
22.9573090912
22.9590006449
22.9616698852
22.979427319
22.9857758202
22.9893320968
23.0010593807
23.0094176697
23.0158586582
23.0211505187
23.0329095356
23.0365317908
23.0427913151
23.0477164832
23.0533401301
23.0590217351
23.0667602877
23.0803166483
23.0914771046
23.0952270156
23.0966480844
23.1086339874
23.1160129829
23.118306927
23.1325446713
23.1344203622
23.1424646498
23.1494937367
23.1585145211
23.1682398505
23.169673198
23.182710038
23.1846244363
23.1894304952
23.1953955311
23.1990176894
23.1993078343
23.2153534832
23.2174027637
23.2220204127
23.2252262399
23.2259803103
23.2359244651
23.2403571828
23.2477117818
23.2580064372
23.260084997
23.2675360594
23.2730137928
23.2785288741
23.2827881905
23.2893810749
23.298820542
23.3085107601
23.3144680766
23.3195805683
23.3259741183
23.3344815557
23.3473484783
23.3515593981
23.3556137539
23.3683180773
23.3732497482
23.3760995838
23.387349747
23.394662094
23.3953305767
23.4069696687
23.4126328822
23.4234473447
23.4327938075
23.43657372
23.4404997937
23.4446742827
23.4523232722
23.4613353281
23.4676584475
23.4793735136
23.4829025931
23.4869429913
23.4919071495
23.4960116755
23.5108792689
23.5220371257
23.5289055969
23.5315362784
23.5385911924
23.544062648
23.5478993272
23.559474249
23.567524707
23.573840657
23.5777970644
23.5819742954
23.5852997244
23.596005097
23.599958284
23.6046528636
23.6106425725
23.6194533482
23.6259699678
23.6315973099
23.63923441
23.6464499265
23.6564838381
23.6607926372
23.6688754092
23.6744665428
23.6818358383
23.6848813972
23.7006374915
23.7067551353
23.7083719705
23.716570998
23.7198222642
23.7310083243
23.7430315279
23.7533722896
23.7590142016
23.7665195934
23.7750991079
23.7821766003
23.7823369678
23.7843743675
23.8022634207
23.8114693371
23.8240743396
23.833362035
23.842643149
23.84686576
23.851946111
23.8637330381
23.8714149415
23.8743024391
23.8843208368
23.8982648306
23.9047280251
23.9091983195
23.9185290981
23.9275263198
23.927830477
23.9336733205
23.9453271424
23.9465921084
23.9635964752
23.9701313601
23.9823330854
23.9917266419
23.996434681
24.0001083938
24.0101404988
24.0187761775
24.0242642779
24.0282088297
24.0314171288
24.0403975409
24.0468429297
24.0525253122
24.0582812157
24.0625650986
24.0666530273
24.076617854
24.093989994
24.1009449515
24.1028617034
24.1148013766
24.1202003871
24.1260684816
24.1354481107
24.1360637985
24.1441963467
24.1533566263
24.1587002134
24.1675750121
24.1719007902
24.1898297632
24.1944181573
24.2017317403
24.208468293
24.2146814001
24.2330227551
24.2351739807
24.250059672
24.2573082262
24.2653334921
24.2704498154
24.2783469729
24.2927715719
24.2974109678
24.3057658024
24.3129250171
24.3230336595
24.3277365207
24.3439409149
24.3523438975
24.3556165141
24.3718030923
24.372882261
24.3903354585
24.3956061402
24.4029902651
24.405318581
24.408688444
24.4166144414
24.4322202677
24.433316953
24.4443111698
24.452541895
24.4542746301
24.4671951959
24.4747737725
24.4853004647
24.4895174783
24.4931922466
24.499906728
24.5021480002
24.5212229657
24.5246608187
24.5325477413
24.5415647957
24.5611567183
24.5616015877
24.5707967451
24.5835640653
24.5860788937
24.5980743989
24.6160994213
24.6254814759
24.6325213636
24.6361194855
24.6517462797
24.6548618867
24.6641057951
24.6702850385
24.6803421594
24.6806971875
24.6944679326
24.6974636701
24.7138609422
24.7167411591
24.727304958
24.7361323753
24.7497705453
24.7568055419
24.7657790199
24.7688179294
24.7806474947
24.7864946929
24.7950487329
24.7983677718
24.8089009942
24.8170811898
24.8232855654
24.8316137703
24.8374921923
24.840074785
24.8486814462
24.8572637656
24.8662324403
24.8828705862
24.8834566176
24.8861068756
24.9014481506
24.9080996636
24.9177405395
24.9225022426
24.9260415969
24.9387923788
24.9459284268
24.9534064895
24.9636874129
24.9712584034
24.9791554421
24.9809691229
24.9864482304
24.9967264064
25.0011678631
25.0216813657
25.0305771785
25.0369693854
25.0517038901
25.0541184835
25.0614938672
25.0656705339
25.0751374909
25.0783823314
25.0875906117
25.1028991445
25.1062071579
25.1123403482
25.1170995734
25.1248102885
25.1323936376
25.1420271545
25.1465232302
25.1539410199
25.160443446
25.1796652935
25.1819789297
25.1911776982
25.1938469818
25.2034072873
25.2146711267
25.220681478
25.235702704
25.2391945643
25.2526665457
25.264543333
25.2764530112
25.279638109
25.3037228486
25.3063766645
25.3142836558
25.3199662208
25.3262292218
25.3426164708
25.3454753613
25.3490730492
25.357076635
25.3688057714
25.3771616388
25.3816686954
25.3862940502
25.3951799203
25.4002846572
25.4045598294
25.4127700956
25.4276119616
25.4342137978
25.4430472301
25.4507561384
25.4637478613
25.473122731
25.4802825546
25.4871987549
25.4963427428
25.5128085056
25.5210131777
25.5383213721
25.5393361337
25.5494486232
25.5547407743
25.5651255541
25.5688702077
25.578872981
25.5833294683
25.5929970865
25.5956486866
25.5957725221
25.5979834408
25.607260035
25.612617913
25.6165116685
25.6296335754
25.6455845796
25.652290671
25.6547148136
25.6606023844
25.6670872346
25.6773302621
25.6935267789
25.698465981
25.7037509211
25.7097294525
25.7151107745
25.7244453078
25.7374142668
25.7404050351
25.7453751795
25.7544523671
25.7587771339
25.7706828222
25.7807292305
25.7971172703
25.8084882937
25.8159649571
25.8207500669
25.8309326256
25.8431317262
25.8455789354
25.8667604019
25.8703300359
25.8817619072
25.8859734782
25.9073943119
25.9133470566
25.9202870997
25.9277502633
25.9387829298
25.9489131432
25.9627795106
25.975194714
25.9946004486
25.9991366909
26.0045841381
26.0249519512
26.0260160852
26.0392208567
26.0428879344
26.0484124186
26.067796156
26.0754286578
26.0867761237
26.0953147815
26.106952844
26.1139154519
26.1286171782
26.136536902
26.1476388207
26.154743103
26.1594707801
26.1706562278
26.1782041329
26.1824836012
26.2076176082
26.2182697913
26.2240708335
26.2328877647
26.2382289236
26.2547253077
26.2631217156
26.2747242822
26.2978027127
26.3043004784
26.3100027829
26.315876563
26.3248829851
26.3289106909
26.3424643585
26.3462284367
26.3649880482
26.3757942357
26.3857199423
26.3961275212
26.4038463833
26.4129421408
26.4240227023
26.4298001601
26.4345981906
26.4487257774
26.4533372242
26.4606295192
26.4748645125
26.4776389545
26.4852193238
26.4914714175
26.4974845349
26.513446932
26.5266258926
26.530825003
26.5368526794
26.5396163924
26.5475528328
26.5583379474
26.5656789894
26.5735610398
26.5828194459
26.5876626587
26.6067937038
26.6122452515
26.6225165276
26.6235751186
26.6318432513
26.6516452687
26.6641023062
26.6679428462
26.6850314152
26.6969992858
26.7030892637
26.7166410217
26.7173635294
26.7286045948
26.7370153886
26.750968
26.7594299669
26.7618894068
26.7657303103
26.7791300237
26.7871040151
26.8001794064
26.8145942902
26.8170868548
26.8342755839
26.8370278078
26.852864496
26.8560112542
26.869244383
26.8767167963
26.8902079611
26.8996980427
26.9111872574
26.913572449
26.9178388755
26.9511828003
26.9549172452
26.9682427417
26.9836774262
26.9911702946
27.0097309499
27.0156313165
27.0296553915
27.0349901858
27.0474899623
27.0560105454
27.0592366362
27.0628100323
27.0756579017
27.083119879
27.0846424508
27.089950865
27.0987862431
27.1030812431
27.1187482718
27.1224130568
27.1428979109
27.1506017664
27.1556147603
27.1773196494
27.1774718613
27.1914731025
27.1983997342
27.2009133592
27.2158225246
27.2239854901
27.2393946586
27.2446783672
27.2546951612
27.2613724795
27.2851656394
27.291373387
27.2987889035
27.3059983716
27.3092746467
27.3336144771
27.3460950486
27.3539233618
27.3703471315
27.3812095891
27.3892739397
27.3902607187
27.4014204113
27.4051213556
27.4122491139
27.422498963
27.4324665675
27.4483383443
27.4558493473
27.4604963594
27.4775919785
27.4957766958
27.5130865086
27.5167662816
27.5257330593
27.5348056431
27.5424814422
27.5548061214
27.5732354872
27.5837974693
27.5909827294
27.6066888745
27.616751323
27.6273994072
27.6375778122
27.6529991368
27.6650016166
27.6704585901
27.6791893665
27.6889205224
27.7106740635
27.7151886811
27.7255252618
27.7431900758
27.7499930057
27.7536572987
27.7594956056
27.7692048158
27.7794465267
27.8035323721
27.8128693443
27.8283442947
27.8358353507
27.8408832425
27.8568021066
27.8623001676
27.8764559775
27.9064838867
27.9099575726
27.9153265154
27.9280920341
27.9514360877
27.9689519241
27.982652922
27.9970967322
28.0033019666
28.027070918
28.0327702816
28.0488404222
28.0627440566
28.0678876137
28.0818995941
28.1082983606
28.1271390426
28.1339568956
28.1530538634
28.1577091286
28.1646145731
28.1749408981
28.1876443596
28.2044513355
28.2205289192
28.2272184867
28.2421836445
28.2467433823
28.2556486699
28.2637019875
28.2709129999
28.280346612
28.2996797859
28.31221842
28.3333526169
28.3513246949
28.3705826582
28.3835537284
28.3922116025
28.4053237735
28.4227165494
28.4273910843
28.4526240623
28.4838064986
28.4918619874
28.4972344707
28.5143427734
28.526128056
28.5420360927
28.5447149506
28.5612788904
28.5674905008
28.5900570217
28.5957283857
28.6113691889
28.6240768329
28.6398202791
28.6488723177
28.6604495172
28.6761269647
28.6952972867
28.7052919911
28.7149309494
28.7342099165
28.7535430544
28.7694005135
28.7759563547
28.7833877432
28.8094446269
28.8283533018
28.8361770462
28.8482669933
28.873668185
28.8954882653
28.9045468532
28.9124677728
28.9452790196
28.9591589757
28.9633290582
28.9754599423
28.9795870446
28.9986307351
29.0075290205
29.033727193
29.0707750195
29.0813373977
29.0862425592
29.0976246116
29.1221483178
29.1488286312
29.1631981126
29.1736318546
29.1851427185
29.2218707827
29.2239503539
29.2437793095
29.2449325355
29.2782621908
29.3030596967
29.3123057929
29.3372731888
29.3461953661
29.3534580341
29.3824234696
29.3909302602
29.4367475998
29.4566206026
29.476673338
29.4837406607
29.5027607359
29.5103932265
29.5309069762
29.5349146526
29.560656438
29.5842329506
29.6006134888
29.6176236542
29.6269366633
29.6511257965
29.6569826313
29.6773088136
29.6977414227
29.707226115
29.7205878399
29.7341009122
29.7668184433
29.7689821545
29.7942852481
29.8082320226
29.8224119364
29.8287083928
29.8787803284
29.8888098686
29.8948726603
29.9038478594
29.9195433585
29.9536524739
29.958373874
29.9888485693
29.9938450771
30.011678275
30.0314746286
30.0615789729
30.1100285686
30.1337959221
30.1521929903
30.1680731721
30.1794222899
30.2048011299
30.209873904
30.2347740326
30.2471944956
30.2641969705
30.2980263334
30.3104343141
30.3140845745
30.3592440329
30.3697759963
30.4081528506
30.415597784
30.4338047912
30.4520853576
30.4977269549
30.5251843709
30.5499265087
30.5717640014
30.5756178328
30.6015848258
30.6199321276
30.6642944917
30.6712639695
30.7119199795
30.7290562631
30.7744684709
30.8033527141
30.8222721231
30.850021781
30.8712724459
30.9006886346
30.9306574254
30.9536409187
30.970826245
30.9983707071
31.0074821609
31.0462782513
31.0764702988
31.1047238457
31.1274789326
31.1635287351
31.1678098298
31.2188745561
31.251491886
31.2552420436
31.2762654937
31.3117560805
31.3594660343
31.3986939262
31.4358943074
31.4586880115
31.4944911661
31.5072360829
31.5283774741
31.5770792819
31.5994271051
31.610700422
31.6494157725
31.6732938217
31.7173962901
31.7491911561
31.7589425344
31.8230375263
31.8408620045
31.8563121146
31.9093811679
31.9170941865
31.9883333338
32.0251544242
32.0581024301
32.083417221
32.1254591207
32.1648315067
32.2414879736
32.2505279797
32.2997053284
32.3318986601
32.4497611399
32.4597727603
32.4785264204
32.5223591584
32.5511325952
32.6424655087
32.6573905135
32.6691422227
32.6987961118
32.7359385585
32.7947533363
32.8271491733
32.8518372699
32.9034199627
32.9843913798
33.0176067539
33.0810465014
33.1348979065
33.1973346655
33.2073637171
33.2282138586
33.3409423502
33.3778993288
33.464007697
33.5201718146
33.5959338885
33.6796906194
33.7387229034
33.8209720209
33.9024339027
34.0565703209
34.0602030982
34.1334658014
34.2086895415
34.2398172384
34.3019716422
34.3880333806
34.4482857672
34.4784604519
34.5430707151
34.5637709764
34.7855153966
34.8460313288
34.9204854479
34.9734522467
35.036966381
35.2624889269
35.3657206012
35.4705049501
35.6430382791
35.7156926407
35.8036098919
35.9258515066
35.9875830504
36.1589259822
36.1877119917
36.3211707077
36.6437607888
36.6625468622
37.159924345
37.2831056066
37.5682174732
37.6763865272
37.9769102902
38.1441226239
38.7766508962
39.0812378616
39.5618041187
39.6467333079
40.0520147072
40.3618714681
40.4730340465
40.7667980231
40.935513584
41.6356551214
42.3778165516
42.5165051527
42.6178539171
43.1668151372
43.6426815718
44.2555739963
45.3103012862
45.71115653
46.6557179081
47.1098600794
47.6304835479
48.3060043666
49.8954122578
52.230292731
52.7652006525
53.5227572617
53.9532645156
55.3270620591
55.7534889533
56.9404637845
57.2339631369
59.7537924294
60.5523303141
61.6282590606
61.9143422882
65.3551280375
66.923611467
67.9515270214
70.2044528814
70.3963060195
78.5994688201
78.9504352286
83.2170714606
87.5340003208
90.3026772384
95.8995534575
100.08249684
109.927598699
116.473267332
128.15587587
150.688094748
172.508778293
185.391813234
191.8517093
229.353818236
231.689237085
299.482265701
320.8243633
361.191835518
523.797337887
553.089713036
706.21183626
