time for hessian:  31.308088
modes:  (4116,)
1.81397882459e-13
3.0190794765e-13
3.10639531531e-13
3.21192967129e-13
3.91146215412e-13
4.64583923286e-13
61.2951085935
63.1226116188
63.4846316186
65.1001497132
65.474704665
65.8306937466
65.9435897736
68.9791428692
71.1519738821
72.2939212403
72.5261354616
72.7212957003
73.2404138695
74.3226408016
74.338260129
75.1762949374
77.0622081119
77.3623981252
77.7351245516
79.9586913109
81.9252633853
82.9559995188
83.4107237756
83.6190048842
84.8798484248
85.7748159963
86.0379983502
86.8355546005
87.8103018473
88.2153579103
88.3138199121
88.6733135959
89.1802463589
89.5914271888
89.6277273603
90.5756510979
90.9366852638
91.3219236294
91.6450522264
91.9292082965
92.0250991555
92.2944583349
92.6180010531
93.2512053531
93.6434314922
93.7482930781
94.4715455872
94.5385053859
95.2710863746
95.5445016176
95.7442972927
96.2859026073
96.4641864906
96.698240262
96.8939232087
97.361992708
97.593818343
97.861111702
98.3772101726
98.4541600882
98.6910094974
99.0425322582
99.3022891049
99.3447758381
99.4188189685
99.6725374265
99.9307779637
100.420072824
100.509747029
100.632182463
101.02342358
101.059984505
101.084973763
101.194235518
101.585816425
101.667846195
101.919826334
102.013333393
102.128079919
102.152205745
102.310474087
102.331510193
102.524564069
102.624597207
102.891635479
103.186833913
103.32848937
103.440208467
103.698938743
103.940880699
104.784929308
104.865331321
104.912359954
105.205253948
105.327581616
105.567182244
105.674585177
105.962685386
106.105614159
106.16799593
106.420760743
106.575251331
106.617069067
107.387293136
107.778743137
108.281904261
108.60460765
109.049594304
109.112936029
109.470472827
109.725143811
109.959122476
110.181351007
110.35588
110.658426147
110.731998039
111.000807057
111.239043766
111.364154238
111.583757867
111.631693434
111.850296886
112.088584419
112.390131888
112.887211684
113.666674658
113.791817408
113.868026614
114.072641266
114.455830477
114.908758074
114.949481907
115.076250381
115.116191512
115.384326891
115.639397296
115.936429563
116.010350003
116.182633554
116.476519638
116.758752162
117.132365338
117.437075245
117.914793882
118.018548483
118.104814177
118.314172796
118.433345109
118.749938519
119.325486257
119.419507907
119.856495918
120.194673667
120.27643243
120.655756735
120.782377145
120.828874764
121.442258273
121.563419689
121.855238767
122.133456056
122.444339966
122.968502855
123.368917776
123.715786422
124.092449858
124.482861809
124.572381027
124.608850388
124.745549737
125.186140449
125.204248095
125.286280711
125.712441488
125.74305717
125.829289648
126.081822962
126.211316416
126.524023209
126.693658955
126.72393671
126.771475348
126.858735961
127.231962406
127.304647903
127.428642747
127.68747366
127.809684315
127.891518795
128.101384826
128.159319855
128.307818119
128.478334236
128.729212678
128.94455175
128.995145188
129.140314308
129.216094945
129.508443132
129.68176931
129.79061133
129.847015986
130.196311714
130.562517428
130.799329076
130.956494014
131.06785958
131.388206003
131.51488151
131.614136407
131.797958834
131.816130543
132.024034296
132.143029286
132.374169028
132.461770541
132.559268226
132.704802855
132.8056273
132.899442944
133.082021193
133.154463594
133.361799987
133.443993566
133.603920338
133.698285349
133.752708757
133.88583685
134.035063812
134.077164419
134.247008653
134.405611429
134.624781742
134.714644196
134.739947552
135.107889864
135.1744421
135.226917782
135.611135552
135.637692414
135.655565354
135.680058535
135.793661319
135.827614622
136.164591654
136.597021273
136.948974918
136.992136927
137.098932218
137.353484802
137.526028917
137.642684223
137.662158939
137.884656638
137.9865813
138.0921699
138.1532543
138.444787298
138.489322022
138.626658174
138.804384835
139.06586854
139.285710808
139.721470215
139.847078674
140.027447319
140.150070993
140.388921331
140.474672471
140.669850825
140.719403392
141.017409048
141.174259524
141.190868006
141.257544952
141.427014475
141.492873293
141.796270834
141.863980234
142.130396024
142.262223106
142.289006472
142.425265106
142.826556025
143.090096068
143.157863695
143.256438403
143.356156369
143.501026076
143.558300214
143.73871892
143.889139668
144.006065006
144.154864701
144.357377466
144.465888391
144.634218439
144.678933804
144.772533981
144.938327105
145.023688333
145.137182033
145.218404523
145.272539778
145.356083122
145.499260949
145.589235553
145.607730024
145.713071888
145.824433499
146.02870344
146.053134166
146.132662125
146.221516299
146.270374952
146.326894319
146.550379865
146.68373562
146.775689514
146.870077519
146.943176851
146.962188831
147.045501694
147.208221304
147.245775975
147.355953778
147.506768682
147.531122478
147.744467643
147.793589709
147.867027773
147.991407238
148.154437661
148.283107595
148.29871863
148.340200943
148.407643959
148.580769326
148.751603405
148.816828776
148.887285741
148.927409848
149.12496301
149.189511908
149.374887284
149.611557619
149.643311312
149.681580473
149.774667562
149.905740875
150.01860005
150.054639205
150.223552471
150.313656111
150.405877805
150.725984175
150.916901508
151.089003702
151.119594824
151.193985145
151.350905803
151.459516664
151.611370783
151.626730001
151.670242161
151.854773679
152.052965211
152.195781711
152.234246534
152.280679554
152.323868207
152.551139932
152.571265402
152.673864113
152.705600793
152.829333436
152.875312145
153.083991714
153.189726396
153.284729298
153.423891813
153.550711062
153.57175238
153.598368371
153.714764558
153.858362863
153.865166376
153.908178785
154.084649496
154.110217772
154.191492445
154.247111333
154.309670429
154.485930782
154.545193654
154.711284316
154.742008115
154.865623254
154.927679747
155.11368294
155.265167156
155.326867937
155.62094562
155.69916082
155.897224647
156.180478076
156.364563841
156.489326514
156.646974336
156.762131924
156.843667725
157.062986304
157.176011988
157.256148466
157.485850362
157.523772638
157.664950655
157.791031639
157.843486922
158.073908018
158.258672144
158.431350394
158.602382016
158.822521317
159.070778343
159.112867316
159.457307024
159.461790342
159.619584493
159.713426093
159.921222359
160.076658343
160.269984936
160.440479451
160.469143201
160.483025037
160.704094225
160.816539222
160.994572012
161.049405922
161.208648641
161.291823865
161.365030036
161.400384324
161.527973866
161.884335841
161.97294759
162.058429629
162.412438223
162.441615711
162.540434248
162.556060794
162.625932963
162.686580168
162.789475452
162.928276392
163.083587508
163.154938252
163.324886122
163.552016305
163.600293168
163.788062565
163.932201154
163.986372196
164.124720889
164.23365756
164.268722349
164.377993692
164.616592089
164.672055197
164.929473325
165.016851778
165.256896435
165.335626292
165.482822859
165.526859518
165.616520856
165.72336862
165.905200691
166.008326905
166.184220181
166.528580852
166.639167548
166.721949187
166.779732914
166.899345922
167.138114572
167.204085437
167.319743375
167.399260421
167.444431917
167.529073204
167.724779603
167.819910006
167.900754705
168.128673623
168.433958362
168.519503388
168.642373735
168.784019761
168.852503336
169.01472016
169.126823114
169.370329513
169.495191224
169.575327388
169.659768944
169.821325842
169.917805338
169.949588022
170.205190595
170.411547258
170.517092631
170.756995713
170.984270602
170.996715757
171.137198977
171.239436754
171.374433553
171.519024135
171.625718869
171.882876946
171.908417453
171.997696324
172.050032466
172.138811
172.190361196
172.201843433
172.381931335
172.603993055
172.651662545
172.697098454
172.938953685
173.050417055
173.179395762
173.19028647
173.282880593
173.552829269
173.612026198
173.635811185
173.799096825
174.012192971
174.050738432
174.084798948
174.163494634
174.256348428
174.310107948
174.38760702
174.476028082
174.622076081
174.701411202
174.83176172
174.918291801
175.026106416
175.298915511
175.410882192
175.466500146
175.556075314
175.721906694
175.92617895
175.980025588
176.024675481
176.275722519
176.333332081
176.56160122
176.677255101
176.7436696
176.910782036
176.936317101
177.070413754
177.271740318
177.400571282
177.499897863
177.629465206
177.876843252
177.995352192
178.119740666
178.246176082
178.538178277
178.68910913
178.794773076
179.085917561
179.10776358
179.343220756
179.570928642
179.721098997
179.766628865
179.838207335
179.995194934
180.059232063
180.205126511
180.496064447
180.53244732
180.687123091
181.036852353
181.242641976
181.293268792
181.440590683
181.631782052
181.649708245
181.69611081
181.990586531
182.204202579
182.389039162
182.446890105
182.542559133
182.737007933
182.851133771
182.89498229
182.970695077
183.007033444
183.08245972
183.187973125
183.298062705
183.352747107
183.52304078
183.68624066
183.780173276
183.914841672
184.061892615
184.119690895
184.289983585
184.377638137
184.546062479
184.657643915
184.930199031
185.040015724
185.084917764
185.321582855
185.486565832
185.504187264
185.555541901
185.619516508
185.73637527
185.985356124
186.086098131
186.087902965
186.206494636
186.283271989
186.607774128
186.645952383
186.775726906
186.967904012
187.07496059
187.394638668
187.413315386
187.469280198
187.607834944
187.642432102
187.762361473
187.873860637
187.9284357
188.011060648
188.080668983
188.125508238
188.178862196
188.260095974
188.396445603
188.492808725
188.764227347
188.803118532
188.936581581
189.060694398
189.259437706
189.327323132
189.412045341
189.47643313
189.50001322
189.537122872
189.575624828
189.665221566
189.705540438
189.758492266
190.020667897
190.181212545
190.297327613
190.402745681
190.469261906
190.488424208
190.53054663
190.774685679
190.963580482
191.018518647
191.036722466
191.059401856
191.118517414
191.156512816
191.166875287
191.284316222
191.329921798
191.496929934
191.672161705
191.745514417
191.810296965
192.067820025
192.115413799
192.205097121
192.315564381
192.790413437
192.815922188
192.904023133
192.975175475
193.146289784
193.318470329
193.496061579
193.703727909
193.774612288
193.859871818
193.960269935
194.01842356
194.158885443
194.293591903
194.484073158
194.535049053
194.649812475
194.877783498
195.119065238
195.150681142
195.231586678
195.29921413
195.477726901
195.516827467
195.717775994
195.95903339
196.151342693
196.159169443
196.304198735
196.402867169
196.514312911
196.682255307
196.82751687
196.944428944
196.96896986
196.994069172
197.185210599
197.298955565
197.306192494
197.487462386
197.704945698
197.82413656
198.03213913
198.261225378
198.291122
198.53426983
198.592845254
198.642570714
198.828696767
198.896330005
198.924436775
198.986241814
199.126951216
199.19773516
199.445255226
199.596443624
199.651896184
199.69265179
199.784635318
199.862129756
199.958420092
200.196307638
200.212666841
200.278553295
200.31846694
200.383530088
200.432594027
200.440107379
200.601178167
200.617178704
200.759190339
200.983397903
201.033444141
201.209322309
201.311297514
201.360170563
201.397412291
201.589360448
201.649873979
201.761655591
201.950266511
202.186091604
202.364018411
202.428839379
202.487758139
202.676166058
202.865529438
202.915822386
202.937283553
203.053823825
203.153578946
203.303920002
203.428182792
203.611483512
203.680859365
203.88138316
203.903676066
204.039466443
204.244797379
204.311116707
204.428897005
204.472205917
204.522785097
204.695823958
204.964478832
205.106825437
205.177520597
205.225712631
205.353621954
205.409535543
205.543621029
205.670553823
205.70323271
205.805854297
205.888344649
206.02804593
206.103088295
206.143913286
206.184995039
206.215614249
206.307714101
206.385868749
206.426955427
206.495695853
206.605310529
206.709910056
206.854167078
206.956564914
207.040404515
207.138387359
207.175713438
207.24831555
207.391414137
207.432294877
207.559263607
207.591663645
207.660161849
207.852041874
207.910043031
208.098614884
208.120550407
208.375862304
208.568525558
208.697560664
208.787453009
208.828632243
208.898557103
208.933467901
209.130794011
209.448995768
209.504899471
209.579288804
209.670700902
209.674330325
209.83961796
209.920684763
210.036627297
210.13077075
210.202047089
210.291183606
210.433268373
210.602634916
210.620153094
210.809431429
210.984945638
210.990018491
211.161103138
211.232389978
211.353547402
211.430783224
211.500707298
211.564248171
211.686983922
211.811613104
211.967628491
212.061664125
212.169509002
212.239092823
212.275153913
212.392260643
212.446156066
212.481965226
212.558724336
212.630627246
212.831793103
212.869744745
213.047108603
213.097186596
213.15702425
213.253863594
213.395719381
213.531875553
213.546476343
213.60389257
213.686007985
213.814740326
214.206423003
214.221265152
214.292720638
214.408088339
214.556827491
214.756954007
214.904192857
215.117507754
215.166405263
215.211947828
215.253192975
215.298302575
215.314769186
215.351984588
215.384294642
215.606086489
215.714012272
215.727005428
215.777811578
215.801499671
215.942433944
215.987138747
216.13031995
216.195844616
216.355774712
216.384339209
216.519197845
216.603136395
216.661018055
216.691308449
216.755392174
216.999145724
217.1163393
217.142535414
217.227233145
217.440748198
217.542067505
217.623384157
217.756569531
217.818793032
217.920635794
218.0134467
218.224567085
218.388628245
218.435328332
218.486302888
218.578176853
218.761746593
218.955133252
218.964753314
219.05589831
219.143230931
219.2909543
219.34390354
219.402027056
219.454576198
219.527477061
219.552854223
219.660123024
219.757508589
219.930754646
220.012943381
220.044905348
220.063149622
220.170602729
220.309235434
220.42720483
220.572712124
220.737644103
220.848808609
221.073336896
221.255731953
221.377693543
221.45681148
221.531626089
221.612835442
221.691017576
221.738501694
221.774809092
221.905267417
222.033239789
222.128603543
222.146875989
222.175716397
222.242906138
222.336945354
222.408766523
222.529476157
222.629589505
222.682758619
222.751074476
222.977654855
223.084711497
223.093402182
223.122170448
223.188983428
223.359382001
223.408939526
223.504247839
223.586596901
223.698558531
223.724056964
223.902413025
224.13552878
224.191477752
224.294813662
224.376080004
224.56219883
224.631745334
224.738710087
225.045024256
225.286896404
225.464890465
225.55794766
225.73468201
225.852890351
226.028646457
226.036569491
226.32768045
226.419918532
226.424620437
226.551762146
226.655479644
226.704858929
226.843617089
226.927779453
227.045878493
227.117104228
227.158359862
227.281354806
227.446806002
227.473042641
227.48641919
227.520488996
227.576108457
227.71008115
227.754904186
227.764380016
227.884067416
227.961150251
227.997897122
228.079674901
228.136187282
228.205004404
228.265947746
228.427913223
228.480715866
228.583441002
228.701079138
228.761702718
228.839128623
228.855918415
228.922393144
228.94654646
229.137829689
229.241586027
229.272147854
229.368514451
229.414530042
229.548362967
229.612335438
229.636803847
229.857758898
229.859702103
229.941620717
230.034509873
230.067149296
230.260724298
230.36637692
230.408868742
230.492808348
230.577883409
230.662759138
230.770759651
230.936319746
231.035951187
231.06165384
231.349754237
231.406494199
231.525739359
231.596286936
231.643452035
231.722746637
231.84408175
231.876171377
231.989204702
232.075969508
232.115519156
232.201592453
232.212217655
232.372719014
232.435918018
232.601551407
232.668744272
232.79807345
232.853636502
232.929548492
232.992541628
233.036986665
233.128045512
233.20313546
233.277715489
233.394047692
233.431514623
233.487199477
233.636590842
233.709704762
233.785738974
233.924044484
234.008540714
234.17178281
234.198072392
234.24844227
234.411699875
234.486326583
234.633679372
234.677697283
234.717797797
234.812771009
234.906991104
234.928494868
234.969932912
235.215049319
235.260719
235.329134619
235.558337053
235.706240996
235.835199352
235.884625893
236.069013941
236.245505373
236.296428381
236.457996274
236.481796688
236.555292045
236.699725352
236.734338867
236.841451688
237.024575027
237.084052566
237.246633463
237.392659577
237.494947539
237.636436747
237.69430671
237.764063348
238.047474344
238.081053629
238.313264347
238.448941265
238.533788617
238.667367851
238.769322374
238.947886746
239.007737015
239.098385094
239.13801971
239.294560562
239.400442762
239.48115939
239.53370688
239.582269828
239.622949427
239.73722746
239.757290087
239.987802144
240.0503676
240.153314939
240.327475811
240.378555834
240.470467264
240.567372339
240.715094261
240.806672392
240.812408492
240.984269519
241.010252625
241.086161791
241.153915788
241.246054785
241.338905121
241.449998306
241.767752941
241.822783828
241.880807016
241.942398717
242.02238428
242.092845735
242.152448775
242.365829929
242.408558345
242.436339625
242.486147336
242.572988618
242.655136416
242.692510207
242.717266703
242.778868174
242.951009406
243.107205768
243.120323348
243.276000846
243.283260541
243.321234264
243.50708992
243.586334477
243.645953316
243.736492583
243.911429235
243.942453918
244.095704553
244.12199975
244.239960288
244.293887041
244.447015207
244.49422261
244.73676086
244.809217717
244.926016151
245.008100713
245.103566141
245.220014987
245.271372115
245.426073456
245.648563576
245.707070263
245.76393734
245.823154687
245.954303033
245.996512134
246.102673044
246.143591986
246.188453299
246.266736177
246.325830277
246.47370137
246.566804834
246.655434389
246.714366707
246.949432301
247.003280055
247.03908915
247.172061426
247.36322392
247.497437499
247.571156445
247.703806542
247.729499553
247.756138508
247.882959831
248.063445221
248.262498756
248.346286847
248.459406712
248.540821636
248.640801348
248.73411123
248.853707158
248.860288076
248.991674763
249.077231211
249.280941396
249.419901901
249.488727281
249.593355251
249.74546091
249.835615395
249.91245316
249.925596426
250.013331152
250.242643438
250.28927097
250.360601161
250.50958867
250.574293468
250.723556504
250.868280429
251.121573351
251.240507053
251.359244564
251.534240476
251.703597608
251.718894319
251.868955915
251.931722295
251.973176013
252.293680542
252.440969184
252.500322773
252.540261791
252.753220715
252.843093651
252.869073192
252.994686351
253.120754722
253.264387843
253.354241
253.633185943
253.903464596
254.093870401
254.142040671
254.234632638
254.432406713
254.484569356
254.600230578
254.761458322
254.954760403
255.201115677
255.332328705
255.507821999
255.587797587
255.717054368
255.84487855
255.961205267
256.032209727
256.136409149
256.449380061
256.485439163
256.606383743
256.817112809
256.959360128
257.032677853
257.070465273
257.239489235
257.37690328
257.466392694
257.477496999
257.563307981
257.804609795
257.936724412
257.985890418
258.218098659
258.290086799
258.356658769
258.371943842
258.444421952
258.510208635
258.673539484
258.772767502
258.88227711
259.209300174
259.561736206
259.66254806
259.751088897
260.023494705
260.100935753
260.2177891
260.245896314
260.464397207
260.517634247
260.589254685
260.722191378
260.74339389
260.805479252
260.934373725
261.060287201
261.154514065
261.233562296
261.43349053
261.525682322
261.609565962
261.692199414
261.773433225
261.793324112
261.893486211
261.945374802
262.210885353
262.482579433
262.518980938
262.70278734
262.733317666
262.88815212
263.380475922
263.442651232
263.550476747
263.934465152
264.034585192
264.113524632
264.304797013
264.474853628
264.568796856
264.648061848
264.711541622
264.73486149
264.783059843
264.813591439
264.904712832
264.971051263
265.28539973
265.317495221
265.546642997
265.594750106
265.724606884
265.890637212
266.015479996
266.059206927
266.149514362
266.307593225
266.404158446
266.673403807
266.836878977
266.97930015
267.409224737
267.466263846
267.570333451
267.641005597
267.736411043
267.806133046
268.017797758
268.034709326
268.094956063
268.254292061
268.387546237
268.658321809
268.788039819
268.908580112
268.988714782
269.107809417
269.271265214
269.35061427
269.484524494
269.600845527
269.64411351
269.832131846
269.980866372
270.289772068
270.398912471
270.486238811
270.552988857
270.625231495
270.778722082
270.893170139
270.936577934
271.116211357
271.343979345
271.411245849
271.532817723
271.721592803
271.789646878
271.850188313
271.866600177
272.136669457
272.188069111
272.240504839
272.361168834
272.570806353
272.940889977
273.087335969
273.261301238
273.484293399
273.621845113
273.751080663
274.037453346
274.093893381
274.238698847
274.684921967
275.003414751
275.252249006
275.366094572
275.701996743
275.937120542
276.046099132
276.079259037
276.136133141
276.439672064
276.705913447
276.804308267
277.024999812
277.159638566
277.357600205
277.437849542
277.597611489
277.709524165
277.810088063
277.920587331
277.995343308
278.072635658
278.128960277
278.302402597
278.445780646
278.764564585
278.995920737
279.19683254
279.232935948
279.380799532
279.471986202
279.568091152
279.785148402
279.8698223
280.133673869
280.194128393
280.229887659
280.333935978
280.444692062
280.501170263
280.620044318
280.685018748
280.746240809
280.978794371
281.003871951
281.117488999
281.171344094
281.359101615
281.42970536
281.467093251
281.565051482
281.614001991
281.769640121
281.778263038
281.904077766
282.028425729
282.092967284
282.336661569
282.37885993
282.463987521
282.523637405
282.551269457
282.754905604
282.881285356
282.967185277
283.011202925
283.390902396
283.539586605
283.706516459
283.781135013
283.803976367
283.999413672
284.069432977
284.384798345
284.49102294
284.744925369
284.870454994
284.943927906
285.034139395
285.188518786
285.267669148
285.307150261
285.382778211
285.426541406
285.466281005
285.616969578
285.789830436
285.927739141
286.109984663
286.238964163
286.316965608
286.430271721
286.58186005
286.685033243
286.760460756
286.977246669
287.011737993
287.100793553
287.158081916
287.173504633
287.392283795
287.544678819
287.614373803
287.644892651
287.774895048
287.990434483
288.002653183
288.040457834
288.207187617
288.313262475
288.383114076
288.541334612
288.773434882
288.980212022
289.075080651
289.315776113
289.339164503
289.382649337
289.483323687
289.633410901
289.687825484
289.8117027
289.874627174
290.001679648
290.107159239
290.261006192
290.533095724
290.574946236
290.620667743
291.123048534
291.294007292
291.374628911
291.44244459
291.505913181
291.791436577
291.854923869
292.007655359
292.132551458
292.312152245
292.516939929
292.594909102
292.709446957
292.925209977
293.094365253
293.205809553
293.363247658
293.443335236
293.963300272
294.069474249
294.159041477
294.415712644
294.593931332
294.614127598
294.81206727
295.061445032
295.126076425
295.267087879
295.60389901
295.760701637
295.78479153
296.045417931
296.174071987
296.243842995
296.333764752
296.410284261
296.893399463
296.986001715
297.053904028
297.428758972
297.463149849
297.613193233
297.777881069
297.928602638
298.026443442
298.083543547
298.249589306
298.295576613
298.382726527
298.490379584
298.529192122
298.589981017
298.855318002
298.943942607
298.975256721
299.037728259
299.318314183
299.474575692
299.704108094
299.889288611
300.041855139
300.195045927
300.204461289
300.372278718
300.612877861
300.780982039
301.167251628
301.239781679
301.429384151
301.542675303
301.819166026
301.982979819
302.189985824
302.378795305
302.490859981
302.619721584
302.729562253
302.883028075
303.050957956
303.295637552
303.369805382
303.528747543
303.69313248
303.833261434
304.008895051
304.209453614
304.446497407
304.806358478
304.910319456
305.024827153
305.186915534
305.592092199
306.07097431
306.369291873
306.67651818
306.815929902
307.012850021
307.200795722
307.41717609
307.540906047
307.715493347
307.792087423
307.855949638
308.144882035
308.312033039
308.484686701
308.525968416
308.605767585
308.982242378
309.030841725
309.102467393
309.22286515
309.244146014
309.398108119
309.531019729
309.643195313
309.751695039
309.863853908
309.971909439
310.047293949
310.150197844
310.182143948
310.306695371
310.372648139
310.508867418
310.564593372
310.828183624
311.081721406
311.368547134
311.553911557
311.610475423
311.707579275
311.948298779
312.107669316
312.293672979
312.593592287
312.667141972
312.862537762
312.890505038
313.382147965
313.520360616
313.593222443
313.640347764
313.87405535
313.929579739
314.251652571
314.292962629
314.672931517
314.920294457
315.250708413
315.323156343
315.456661965
315.724397413
315.917341241
315.967105597
316.515552062
316.71630818
316.932361344
317.539200242
317.631458849
317.711251162
318.097830579
318.268287054
318.402139092
318.597697726
318.784385871
318.904995419
318.977592826
319.193515089
319.341738613
319.378437177
319.45647689
319.651673703
319.789886399
320.0196705
320.167545792
320.195701233
320.228447988
320.37755666
320.497930011
320.56156908
320.780460517
320.821626886
320.949028604
321.137276451
321.179277856
321.393311484
321.502575278
321.754953386
321.845566789
321.954250015
322.142468677
322.263458765
322.401118947
322.574704548
322.736295855
322.886452524
323.014714544
323.202811859
323.21941729
323.594725881
323.824702318
323.933425406
324.020263059
324.220150383
324.884692977
324.949147097
325.172948302
325.337554626
325.501868215
325.724118001
325.869877352
326.060231224
326.150569413
326.342008231
326.448266518
326.48339477
326.671611116
326.924476001
327.031469593
327.381392877
327.627783574
327.71633036
327.829467324
327.90659144
327.932001583
328.048023285
328.187459844
328.531901237
328.643941212
328.805740096
328.922882785
329.076541608
329.313474141
329.468072517
329.631254613
329.865018032
330.000445495
330.054211853
330.228600851
330.37603831
330.582859384
330.745250958
331.087768993
331.16530442
331.313647305
331.398290329
331.47825367
331.698492108
331.913888137
332.063070076
332.15755924
332.460020512
332.636384093
332.756502529
332.880551811
333.130651757
333.195728086
333.355745247
333.631747388
333.839496513
334.083166586
334.159431178
334.31816264
334.492239281
334.567540977
334.693938692
334.799578672
334.997311246
335.22856717
335.335898568
335.583439903
335.776757523
335.938592215
336.214998475
336.421211252
336.790523899
336.833637378
337.289205707
337.409344713
337.462448742
338.156494314
338.253585728
338.399022049
338.461135026
338.628433935
338.711490386
338.983776607
339.080151148
339.637476448
340.012471127
340.271539246
340.37604633
340.443593884
340.675669252
340.825438998
341.156877151
341.239565231
341.345906718
341.418287545
341.511545738
341.650177383
341.902552348
342.169730387
342.25559642
342.410449205
342.478288577
342.734605639
342.840570821
342.893799962
343.127381099
343.30180682
343.594680671
343.926629672
343.978179881
344.336509892
344.56245279
344.73195638
345.174555722
345.30226645
345.402456859
345.520814912
345.608857566
345.745776712
345.79545557
346.01662806
346.142799843
346.260488211
346.426663233
346.53111035
346.787476106
346.87724518
347.066747549
347.304431807
347.464356295
347.542226556
347.739753578
347.927022242
347.989622603
348.369148235
348.575147811
348.585551944
348.808035757
348.857513033
349.189579241
349.248566556
349.356880422
349.579935721
349.808814301
349.923749097
350.099156317
350.105930397
350.371460923
350.53601206
350.858481546
350.978667236
351.485164983
351.670177567
351.90292859
352.02740549
352.264269763
352.417862396
352.951002796
353.24170909
354.058582347
354.278712674
354.426183652
354.510243299
354.570051031
354.71621374
355.164998207
355.319032043
355.469865523
355.520364889
355.754848914
355.809021483
355.938190739
356.028819003
356.096804182
356.190457895
356.361385892
356.494285516
356.645009552
356.862333287
357.029814309
357.298340787
357.372137276
357.548681727
357.707749325
357.996049275
358.142455209
358.364477294
358.534353231
358.614183118
358.665958073
358.78184783
358.992037599
359.057096322
359.333292937
359.373483544
359.397140487
359.547490089
359.646834019
359.817492776
359.932908369
360.191838592
360.248544988
360.421554157
360.843796626
360.977436517
361.208526306
361.499018964
361.584108751
361.719688724
362.428515895
362.552232078
362.723096422
362.837769112
362.926077907
363.120029675
363.60819614
363.915933974
364.250636174
364.295582811
364.407625466
364.543901029
364.868093998
365.080422304
365.148322074
365.365336211
365.476598556
365.519839249
365.544088662
365.825176534
365.999488582
366.314709785
366.413036341
366.529343904
366.730349938
366.853447743
367.037383257
367.344434399
367.524656005
367.610399385
367.821662366
368.10307702
368.396411432
368.733423677
368.814736252
368.9959152
369.243232119
369.330339853
369.403965227
369.472396847
369.706850993
369.803999166
369.959383625
370.022735852
370.135118569
370.366036654
370.433119345
370.886883383
371.12321999
371.204784616
371.374398148
371.769431642
371.925946646
372.147380602
372.186464585
372.380541925
372.525815022
372.608785018
372.97552561
373.195648461
373.330674212
373.812105453
373.861732682
373.990477885
374.091704954
374.301764784
374.443496996
374.697649972
374.869450521
375.039130514
375.293605243
375.41456518
375.697524612
375.780975805
376.026412209
376.631506647
376.835435652
377.067218114
377.115972154
377.622455341
377.80574538
378.107056827
378.510591426
378.67163638
378.846768534
379.055415804
379.315457727
379.495734965
379.686621081
379.860143085
380.022171689
380.086229377
380.68752468
380.739212882
380.795111424
381.016678927
381.092754586
381.243185821
381.491774059
381.587161079
381.702519798
381.970829536
382.092621415
382.396850816
382.943190249
383.375617591
383.472814608
383.71486722
384.008624994
384.151780353
384.237810083
384.435092625
384.550236662
384.654555472
384.907496971
384.921146669
385.133175979
385.253860527
385.371745131
385.675524755
385.75269657
385.796552788
386.168580414
386.277077449
386.41891386
386.455008162
386.554715735
386.757066363
386.870761606
386.984834505
387.175156865
387.193638418
387.255598316
387.475992902
387.551549299
387.620946858
388.023077409
388.360282397
388.65136039
388.840294667
388.8753776
388.965938809
388.997860037
389.26762557
389.357746131
389.789016866
390.190725332
390.243393315
390.418928444
390.629016073
391.018551848
391.198163201
391.293171015
391.647331812
391.896839891
392.049983697
392.178241764
392.257304581
392.398949683
392.519543248
392.691192968
392.780753664
393.012709752
393.108093098
393.274894751
393.383749534
393.637428679
393.714898034
393.913596749
394.068883863
394.376387628
394.519960132
394.558061542
394.915428231
395.143984753
395.298605135
395.424008875
395.743731416
395.833419606
396.11111914
396.273635311
396.405439359
396.794805314
397.033886661
397.192875283
397.282286337
397.348727183
397.599336949
397.673420921
397.921503674
398.059570579
398.069959046
398.339099487
398.495928652
398.647061265
398.791217365
398.962381778
399.006000148
399.115564089
399.230138783
399.311101418
399.702538542
399.896296736
399.989736186
400.233924982
400.387056166
400.521410061
400.549473423
400.71240179
400.775494794
400.924731993
400.998747986
401.244265416
401.327080659
401.442723378
401.679367021
401.729805723
401.814027947
401.950497508
402.229171829
402.254428262
402.432247832
402.585951409
402.660648014
402.87630068
402.981508178
403.129174701
403.443617758
403.781738328
403.8833232
404.199338155
404.39832943
404.685907859
404.952632133
405.466360925
405.554784003
405.874710046
405.913040931
406.094402193
406.144659454
406.229408961
406.297550661
406.496922018
406.79293429
407.08449045
407.289388781
407.312985333
407.476174845
407.641029759
407.78329951
408.167338339
408.18994027
408.226433669
408.40895595
408.477269234
408.707685399
408.927151308
409.186758964
409.388881296
409.505966537
409.652850925
409.874765615
410.000816426
410.48831184
410.504631611
410.755774879
410.830452391
410.967859474
411.260463163
411.467477699
411.705196938
411.767894814
411.940865593
412.311745822
412.386573734
412.503976335
412.707033256
412.776367361
412.842670092
412.901936392
412.991806112
413.240054955
413.520826747
413.63152414
413.808794146
413.99243814
414.211109007
414.388294772
414.605597571
415.116748069
415.230456673
415.480906439
415.6366569
415.676431602
416.01611951
416.130947507
416.647214503
416.689528358
416.985434742
417.233872978
417.486507961
417.55696583
417.759502829
418.022905269
418.203793739
418.74154283
418.941685624
419.132850502
419.23537684
419.583006966
419.807650509
420.155976023
420.418991247
420.998041665
421.119375242
421.222620072
421.474568131
421.511156047
421.811170604
421.950916229
422.011083899
422.186104413
422.53585279
422.614425645
422.724138687
422.781604279
423.015231735
423.257881723
423.343798914
423.479516499
423.503815104
423.838815289
423.841691972
424.020378988
424.337454978
424.593169722
424.766052867
424.819446242
425.213246382
425.27623488
425.60463058
425.633833107
425.70110358
426.024240047
426.477577911
426.754336114
427.031306074
427.156194966
427.390829037
427.507793611
427.904884334
428.037115609
428.325976585
428.373555728
428.639436063
428.707782254
428.914188137
429.052610632
429.096448767
429.151569612
429.226795995
429.498686286
429.59484426
429.841290727
430.140536724
430.288330013
430.398398679
430.584840921
430.718375778
430.873130723
430.931883346
431.016139744
431.209966155
431.31301294
431.370655673
431.712670444
431.909238645
432.198996777
432.342186838
432.589579654
432.887093479
433.061758364
433.158662798
433.298961428
433.507259168
433.752627703
434.006228379
434.183762948
434.258533174
434.447873824
434.854928645
435.052386986
435.467294569
435.749477313
436.10002394
436.473752952
436.578388643
437.036074594
437.119694913
437.24335805
437.417276625
437.853678582
438.251131635
438.325321947
438.581152261
438.793072813
438.95908185
439.227624859
439.339626649
439.428472729
439.542963767
439.743005176
440.172623908
440.193292713
440.631337782
440.925837086
441.060766315
441.168884247
441.199866749
441.560999394
441.658265039
441.798488046
442.184306778
442.381799897
442.481077834
442.71612195
442.792447353
443.074766688
443.644714696
443.803087991
444.006512862
444.213646931
444.514389983
444.561527829
444.689318378
444.791308007
444.895218759
445.186960579
445.229218618
445.506873683
445.714611709
445.891385332
446.21102894
446.34296479
446.501190121
446.737028613
446.905396949
447.244048649
447.328886055
447.478632811
447.567039796
447.918221185
447.979795381
448.598076833
448.841152009
449.014274477
449.086001474
449.282751187
449.448813431
449.536102495
449.684039071
449.926460415
449.979990063
450.074713564
450.410595657
450.523665494
450.609711609
450.779359532
450.8479308
451.305675511
451.503673623
451.763527634
452.069245004
452.305823523
452.953908142
453.370590272
453.525502966
453.542624129
453.670985937
453.822774668
453.878066496
453.94431172
454.509890126
454.630252977
454.949893134
455.032030349
455.071176661
455.1190168
455.18791084
455.281236219
455.757567392
455.875053701
455.973930299
455.985603515
456.132045945
456.339641656
456.611723447
456.969192946
457.052117309
457.214851934
457.456959191
457.552020471
457.953098809
458.26854126
458.399234038
458.551086165
458.69611043
458.850916349
459.138084346
459.333355079
459.514492305
459.620468031
459.936674293
460.153391125
460.686985737
461.024278267
461.084096366
461.276027429
461.536163305
461.848656571
462.000034992
462.258769853
462.325243324
462.592987501
462.75081907
463.117997321
463.217428499
463.235377553
463.415099265
463.645205447
464.019072787
464.031841965
464.163481831
464.344325478
464.36230858
464.56240946
464.66663043
464.796269202
465.15465965
465.536017128
465.869218052
466.012633094
466.368021857
466.696174303
466.930950264
467.387104857
467.820922012
467.851443091
468.316620602
468.556058743
468.856304041
468.896090666
469.164546205
469.407535349
469.899543689
470.090745928
470.298981591
470.459328606
470.633159692
470.852194426
470.905115285
471.107403252
471.229735673
471.450301992
471.561265632
471.692663557
471.771293097
471.929944634
472.270751724
472.649378167
472.91998764
473.189080531
473.64401028
474.156428553
474.237782402
474.581668527
474.82210963
475.022039849
475.536388208
475.742106626
476.407299212
476.662058511
476.747964923
477.016090849
477.221495764
477.936809153
478.069167256
478.263275066
478.580451004
478.959302414
479.167478372
479.641569399
480.126103157
480.428986731
480.63455799
481.069772619
481.157998488
481.662942665
481.801833419
481.952089403
482.13019883
482.222513027
482.490238088
482.864106439
483.101385125
483.147525373
483.174060941
483.282629562
483.620727161
484.072020016
484.209508193
484.462338945
485.388001117
485.79646814
486.008799869
486.213873973
486.741321507
487.032355068
487.18565797
487.338774103
487.560259661
487.667447708
488.432389571
488.788807399
488.917626431
489.462974043
489.493036715
489.627390729
489.823368611
490.527725422
490.808753541
491.161485789
491.311936183
491.564735931
491.685555792
492.094309803
492.136499383
492.488445393
492.662601293
493.73059381
494.453831297
494.557512492
495.082648792
495.490203661
495.555119654
496.055039327
496.617809245
496.745862591
496.928819868
497.374188424
497.594641173
498.088101759
498.350438546
498.4059296
498.741324503
499.173220703
499.611288373
499.827354572
500.072135407
500.467360159
500.940304331
501.077229762
501.230083515
501.491947301
502.285842288
503.349732996
503.676632682
504.097207358
504.224868827
504.446423208
504.610192562
505.060727337
505.292626918
505.72836137
506.561161099
506.668910407
507.344582146
507.681801352
508.483726956
508.787844128
509.140344963
509.976392346
511.227259258
511.441670935
511.775570787
512.116102291
514.041072674
515.011925558
515.270321333
515.80800654
516.342305893
516.486892707
516.909559698
517.476453327
518.414458999
519.341851658
519.877562139
519.986542983
520.493492537
521.777139255
522.057757553
522.488820552
523.396649533
523.719585621
524.390856604
524.802506018
526.115932483
526.88088697
527.934817809
528.291813178
528.663227487
529.700487703
529.965761309
530.866284005
531.538751463
531.906331085
532.620498799
532.731956993
533.614390593
534.034591578
534.555706725
534.729959003
534.736676086
535.174049754
535.509064857
535.688351216
536.09901972
537.54158963
538.371542374
540.873042602
543.084114251
544.572087638
546.657536866
547.86125538
548.801446905
551.523211853
551.611460245
552.667361361
552.916927106
553.091696042
554.649882977
555.778089781
556.967046298
557.977514396
558.693190466
559.297828667
559.553745753
560.211921832
561.116991156
561.436120123
563.09377274
563.83631677
564.431677908
564.630577934
565.723960995
566.369945499
567.213724294
569.052803531
569.844818385
570.084318058
571.019869801
571.847362616
572.310236387
576.245600083
576.506771958
576.890248845
577.340238361
578.528194696
579.169948853
579.545093667
580.310575413
580.355910063
581.098259108
581.24971452
583.120044001
584.122696323
585.523598833
588.018250415
588.041220549
589.461128467
589.814416166
590.632848585
590.91160862
591.972347715
592.152446509
592.526527263
593.116399313
593.650804859
594.007386207
594.834365614
595.066351459
595.454589299
598.069113569
598.106668641
598.526152123
598.62775161
599.222262466
599.700162577
600.483575927
600.976386596
601.369211369
601.914257499
602.399306748
602.79189373
603.810138193
605.012806775
605.303021496
606.417839371
607.129069168
607.376584431
607.495977044
607.97433777
608.335991909
608.386085512
608.891912037
609.034212628
609.295640868
609.949952218
610.86393093
611.36664215
611.826242242
611.990512788
612.178428063
612.603585255
613.065464165
613.681485319
614.103199844
614.778657085
614.839893417
615.133304945
615.433423553
615.518451094
615.919437466
616.085921681
616.265393511
616.433144805
616.538405071
616.694907024
617.238929378
617.25557289
617.410084235
617.504227247
617.627257826
617.705660793
618.015163188
618.192499113
618.28817205
618.564077273
618.79118718
619.130625063
619.556171909
620.037599789
620.529613201
621.47305687
622.085744352
622.860540275
624.076958652
624.161722255
624.719243387
625.251009321
625.617157818
625.928969556
626.218597635
626.43368411
627.188142099
627.446590802
627.678987019
627.80003962
628.24347917
628.297655635
628.435206084
628.672556754
629.032831988
629.719564799
630.007501796
630.301210153
630.681334547
631.102290665
631.626950035
631.885206724
631.934367304
632.026649179
632.322795608
632.376328924
632.988324481
633.605176186
634.14666218
634.195672241
635.029768155
635.392343471
635.457070504
635.977509014
636.458588888
636.631919578
636.864774011
637.074100872
637.202436638
637.474674146
637.706546087
638.013468436
638.126522326
638.224608304
638.520091664
638.706309279
638.949299376
639.061820307
639.12144193
639.409482179
639.565029067
639.706100233
639.891045482
639.956517571
640.11745724
640.417577706
640.547347349
640.834035154
641.0786092
641.594211848
642.342430363
642.84688049
643.102237666
643.19394883
643.522394062
643.74961384
643.847560505
644.023669134
644.285381058
644.499832348
644.556106313
644.689009136
645.05264442
645.478974442
645.694695418
645.786214894
646.250810418
646.336848937
646.68738962
646.814844499
646.982878914
648.126390723
648.321617638
648.388222101
648.737009197
649.134878137
649.496087034
649.707078451
649.938507324
650.066776562
650.359209268
650.879236218
651.060685146
651.31629596
651.426555904
651.870040894
652.010194431
652.216889559
652.336139665
652.542540574
652.578037843
652.836880482
652.948966751
653.162569298
653.202129067
653.311353221
653.413567114
653.749719414
653.960527603
654.222030472
654.299341393
654.549734418
654.886859988
655.00768055
655.576792655
655.815035207
655.926378307
656.121882363
656.553688553
656.644286535
656.960034836
657.151696764
657.727535958
657.846384149
658.026655262
658.096477063
658.175587399
658.32032032
658.45603693
658.864651163
659.050571893
659.161528722
659.634986572
660.173467873
660.667447191
661.039508157
661.986374958
662.250091381
663.069899795
663.781125426
664.1197024
664.195480928
664.415348265
664.454351988
664.761230604
665.06010539
665.241401821
665.344875845
665.868485098
665.989911056
666.446565049
666.879403013
667.272985712
667.767617115
668.125008892
668.468075052
668.79047987
669.63345202
669.834739792
669.843298694
670.113476592
670.517206659
670.735821154
671.062830791
671.450390393
671.681342924
671.724601558
672.01035283
672.071488113
672.395591516
672.707819705
673.29262077
673.322313648
673.566357075
673.705016796
674.096522099
674.536102772
674.741486511
674.871486135
675.006913585
675.268251043
675.602039961
675.743528327
676.06546181
676.51343402
676.747777091
677.140841265
677.471640823
677.685751314
677.914833817
678.014768439
678.183074741
678.473853157
678.700999607
678.801679823
678.844134054
679.196820433
679.273295938
679.573826797
679.805453028
679.869757732
680.035591239
680.290859328
680.822987857
680.981087996
681.0482929
681.36075389
682.015975858
682.135498785
682.226899835
682.410625477
683.109011194
683.430840681
683.683143283
683.781865528
683.971494688
684.364372188
684.933703772
685.028809615
685.15453999
685.25764131
685.521350857
685.66752596
686.41332768
686.797100614
687.802939677
687.838946221
688.15974497
688.226435548
688.549082542
688.74471931
689.102239148
689.313695448
689.606998135
689.707840629
689.852668413
690.002512541
690.293272986
690.427691425
690.599471551
690.771098631
690.928221941
691.271820465
691.696434968
691.749287331
691.98765928
692.214499607
692.764895631
693.184697364
693.631688892
693.944513677
694.561102766
694.868639314
695.140952397
695.306514002
695.462142158
695.559061649
695.689723218
696.029464746
696.271952095
696.560833303
696.637551279
696.887154322
697.138565129
697.393267108
697.666926758
698.059432051
698.496614551
699.21845458
699.701905679
699.971384914
700.058153496
700.225183847
700.322127506
700.455873188
700.714146256
700.7578673
700.847144205
701.285266391
701.604077412
702.018063127
702.750873611
703.124617176
703.162279789
703.855414425
704.3080707
705.451609844
705.618048193
705.895138318
706.405359616
706.691499273
707.295571781
707.819178009
708.257372632
708.609801403
708.775824767
708.921334594
709.216524399
709.411849547
709.98634563
711.036991733
711.375370539
711.656959833
711.750081483
711.90974268
711.995823983
712.136094705
712.393827481
712.596773751
712.962753719
712.999383166
713.25483737
713.389399444
713.537376992
713.714570701
713.955525348
714.350070381
714.442420632
715.037505555
715.275351877
715.376102585
715.69504271
715.941992298
716.08952009
716.33454025
716.783154753
716.985925253
717.330934191
717.672382674
717.795433971
718.465316423
718.816557881
719.049536151
719.335860816
719.592668115
720.116047898
720.527072612
720.817230832
720.898366823
721.097159902
721.143206714
721.501139439
721.716328686
722.013749429
722.219331588
722.426892601
722.602552476
722.66929837
722.854388956
723.143924902
723.482698817
724.055175141
724.476036517
724.622518507
724.706143499
724.850750194
725.16328977
725.727594754
725.892080923
725.984618603
726.056043278
726.233431751
726.534375212
727.272415003
727.344266685
727.437971186
727.670738361
727.755592792
728.136901645
728.805398369
729.474326746
729.855152716
730.130596457
730.335087256
730.616933622
730.720477762
731.091080689
731.29285642
731.554564016
731.852616301
732.791811379
733.121133533
734.078456073
734.591113879
734.716670256
735.22317701
735.33313644
735.497683043
736.177644231
736.363836162
736.536255183
736.961403746
737.029119465
737.31075696
737.652134143
737.889872733
737.916798105
738.142396972
738.254996709
738.697405574
738.871007322
739.302833054
739.656764002
740.217929759
740.329454807
740.791043263
741.045873204
741.161702011
741.249164969
741.652152919
741.744392868
741.845862181
741.965732545
742.077498928
742.22119562
742.540679163
742.633175948
743.209718624
743.569713414
743.688765858
744.142911135
744.30576929
744.480310943
744.83060506
744.865185015
745.020709577
745.13243761
745.273897464
745.447352454
746.067336265
746.112136523
746.524025176
746.920297076
747.322646967
747.397789682
747.7514722
747.844414432
748.154464564
748.205039309
748.471637935
748.721440716
748.865501789
749.196182683
749.76950921
750.115758052
750.171576241
750.223869688
750.580791259
751.202244109
751.340088643
751.405129359
751.539444194
751.707227345
751.786138995
752.341016905
752.685572985
752.71764405
753.08735529
753.18499388
753.389396393
753.652535859
753.9024684
754.193145101
754.391230235
754.533199429
754.694045893
755.096687852
755.34248779
755.756172041
756.069594574
756.503920298
756.906510434
757.512364179
757.86911441
758.033116052
758.257969759
758.380731893
758.713272272
759.430136282
759.674174411
760.126015187
760.857512998
761.11753744
761.341663248
761.705831064
761.91263546
762.28817729
762.794218563
763.07453332
763.462672842
763.727842807
764.062887579
764.315727784
764.370179647
764.455576301
764.520585437
764.660840064
765.173953499
765.237510802
765.623571876
765.704193915
766.095931838
766.454070657
766.64114174
766.933979534
767.023911583
767.229005538
767.422532348
767.621767829
767.679912112
767.848057961
768.141279373
768.333800838
768.462648818
768.667553404
769.085275152
769.11390362
769.384010309
769.850525095
769.956228255
770.18061817
770.503506766
770.529701738
770.747003737
771.148455819
771.598347227
772.538496039
772.752010931
772.895917653
773.354123707
773.462029518
773.821135034
773.869533098
773.937933654
774.270736694
774.574300537
774.657705553
774.781163552
774.922052975
775.147184456
775.678839212
776.001017553
776.447571047
776.977662166
777.488508806
777.997218003
778.494524496
778.762002223
779.586338676
779.641649728
780.04890757
780.481204375
780.925254442
781.012286963
781.060694726
781.48907889
781.882649167
782.417226092
782.727583165
783.640541438
784.993584195
785.585627169
786.198056337
786.647834769
786.77178186
787.335785726
787.664228024
788.341579946
788.63775955
788.948957007
789.50635026
790.362602054
790.770698591
791.335546098
791.605769573
791.724986858
791.881864798
791.967581261
792.085423933
792.464116269
792.902636049
793.367157027
793.732576197
794.172679739
794.279133258
794.347990264
794.530775713
794.67382431
794.771361921
794.994345163
795.201560915
795.608221086
795.825036345
795.888640302
795.927092715
796.064343379
796.130198173
796.239898369
797.040572656
797.411785847
797.599590735
797.692579384
797.712460465
798.548981559
798.910714719
799.264743983
799.649495212
799.885772424
800.058015907
800.16382189
800.33458134
800.597517142
800.786593058
801.341539823
801.510951823
801.970584333
802.509395855
804.433610683
804.988586448
805.510096435
806.078320914
806.383764542
806.489067945
806.849716718
807.158925833
807.354751253
807.4826345
807.540068939
808.057149772
808.332226741
808.441911037
809.274082169
809.725310207
810.117040943
810.355075126
810.956394961
811.077407839
811.395560251
811.786374147
811.844021246
812.17304183
812.414630523
812.464706604
812.617699227
812.864439374
813.074451356
813.19664459
813.457447493
813.825491384
813.865390992
814.157182286
814.255986177
814.671366277
814.973172306
815.921578551
816.011218957
816.28715211
816.980839234
817.36504752
817.620707314
817.807448053
817.938417822
818.097067245
818.146940639
818.464874829
818.591376799
819.324488922
819.341218472
819.991529464
820.101043312
820.518756332
820.650226842
821.012196873
821.215379366
821.678282535
821.779631205
821.963101607
822.180774919
822.215231608
822.223840144
822.391137547
822.503599952
822.80585181
823.11657092
823.345516275
824.047261895
824.214961516
824.464072813
824.605420051
824.805642209
824.938438747
825.425623957
825.622937417
825.739118928
826.073473308
826.725886728
826.791642365
827.19148838
827.245285854
827.82563998
828.093902239
828.119227786
828.438511057
828.667461137
828.775777582
829.224316048
829.644632421
829.984300148
830.373152758
830.880170655
831.567869297
832.13348456
832.375630994
832.979303196
833.307792052
833.613610396
833.90692133
834.049880503
834.852548611
835.405957113
835.580209593
835.939421205
836.219079421
836.688549563
836.866893244
836.929202173
837.305060715
837.459356457
837.664148626
837.971802163
838.434999108
838.867441177
839.122223614
839.722544576
840.129096143
840.318787633
840.490337261
840.733325756
841.148061223
841.354793819
841.716912745
842.314768392
842.731524436
843.185549562
843.242915998
843.703372331
843.943319173
844.34334186
844.629691667
845.017085436
845.220157031
845.503054092
845.631208683
845.883799689
846.048674226
846.450736742
846.516135492
847.012680802
847.439683863
847.602611466
847.942532566
848.209616217
848.494439171
848.90020597
849.139537505
849.518689391
849.919092536
850.288023646
850.597607429
850.631859504
850.774351433
851.396924121
851.514527697
851.697692279
851.788122312
852.08331552
852.600245427
853.456406419
853.855744035
854.314741665
854.426778516
855.07860506
855.415369678
855.829989127
855.963607967
856.279500964
856.469029472
857.141096484
857.402527851
857.738060028
858.502809462
858.764433554
859.048793662
859.964631428
860.144246187
860.462381725
860.556951464
860.94258586
861.393424915
861.760951719
863.306820788
863.333817972
863.436186549
863.526001126
863.750717392
863.950786116
864.176176936
864.408796079
864.4629523
864.60677217
864.839501966
865.091775464
865.298230082
865.688475538
866.552725786
866.884667649
867.848085249
867.971628599
868.139486775
868.394019541
868.451967652
868.670069886
868.702897205
868.909116264
868.962289136
869.385938291
869.879840285
870.168195903
870.385026067
870.787336021
871.090788488
871.607470587
871.820812592
872.374582637
872.495147487
872.538121098
872.725147948
872.824689704
873.144546534
873.284152441
873.514446043
873.864642848
874.068243377
874.368516386
874.610827433
874.746770889
875.012261873
875.220106574
875.460100199
875.702097347
876.055934023
876.522264306
876.847665302
877.605474438
877.81654798
878.298425571
878.45820055
878.948116437
879.049274493
879.571150712
880.229154366
881.508612357
881.803175044
882.112875752
882.267135394
882.325542159
882.73596369
882.989402449
883.314148933
883.651180552
884.389648258
884.476844576
885.460580543
885.695086632
886.253478777
887.046669276
887.466689696
887.745797476
888.416365292
888.919327216
889.558666484
889.682443677
890.119723278
890.870633813
892.421337485
892.619545976
892.894157282
893.505945834
894.505968493
895.429577381
895.692242158
896.200049897
896.960124882
897.665065575
898.292056813
898.406495258
898.84022331
899.202208759
899.504774001
899.576339051
899.87601469
899.995123351
900.653555829
901.470293537
901.710415364
901.798876792
901.970703047
902.132160265
902.593005536
902.732743731
903.109489048
903.651824151
903.759168054
903.974345027
904.255850583
904.59026367
904.943298897
905.306701753
905.992377247
906.642407397
906.875128696
907.158671158
907.701163916
907.810951782
907.94782796
908.124003411
908.637436036
908.692486857
908.962688349
909.428140906
909.498260788
909.659988431
909.75315472
909.914695661
910.401897567
910.524350464
910.643979613
911.293736772
911.792086754
912.466786272
913.142253723
914.30752489
914.440753196
915.198117649
915.277687213
915.716898028
915.851091475
916.025621318
916.137245218
916.253592095
916.607328541
916.931732641
917.172468652
917.81226726
918.595620897
918.768465159
919.12174943
919.949869557
920.272628704
920.627406744
921.183319866
921.620992843
921.863289266
922.02343095
922.203313764
922.749653709
923.071273756
923.364893597
923.485207373
923.711093014
923.904124159
924.087246312
924.420432303
924.807961239
925.082554235
925.933076967
926.802970394
927.530405589
927.767423609
928.116556529
928.546185001
928.610415286
928.746016833
928.793113611
929.154282968
929.655016787
929.947569229
930.442166575
931.039832931
931.627100916
932.440441583
932.579176535
932.697221344
933.143790663
933.732011463
933.833468889
934.074479989
934.847363824
935.19238283
935.380544224
935.423438605
935.492813016
935.818528025
936.191839212
936.72301622
937.013813067
937.260966969
937.472022167
937.645881265
938.172747874
938.275330302
938.795016754
939.19229648
939.753880168
940.61553849
941.140249236
942.023376303
942.74619611
943.166477688
943.438469891
943.901651526
944.368290198
945.603087834
945.959382263
946.546508985
947.332191975
947.638841814
947.82250523
948.033200366
948.373464201
948.570060485
948.885730582
949.186579834
949.406999523
949.684061904
950.174154561
950.703774086
951.16633564
951.63337439
952.202190167
953.016433062
953.298291501
953.506030587
953.667835021
954.168591318
954.460809005
954.781585218
954.973192228
955.263927401
955.336347753
955.567267705
955.749271179
955.92780953
956.980472706
958.25787741
958.722997554
959.237175721
960.080754177
960.626375385
961.21477442
961.46792166
961.819637924
962.356134182
962.424863747
963.518124264
963.979853772
964.340568661
964.837483559
965.300753578
965.41292782
965.960502782
966.432176399
966.790520335
967.446664503
968.125141496
968.41460856
968.823611697
969.047297016
969.121515645
969.340460407
969.704584984
969.917369362
970.500323156
971.323044112
972.531864427
974.601026725
974.904462614
975.292718787
975.382613236
975.664485483
975.769291337
976.13411109
976.29332805
976.643550834
976.752697097
977.278634928
977.654355372
977.794939567
977.998506885
978.262143796
979.489859131
980.813036699
981.80251186
982.801799859
983.275450705
984.485404173
984.771581818
984.917504407
985.261100319
985.599858403
986.032762612
986.256216725
986.271529446
986.560290155
986.896427843
987.01985833
987.318093491
988.026511993
988.721044005
988.828866044
989.013752347
989.413534558
990.378767006
990.963569483
992.765512342
993.294124106
994.083325088
995.134787811
995.721323498
995.913368187
996.546415268
996.822255778
997.673985286
997.852257653
998.237695601
998.404441258
998.642549402
998.779296672
999.022889628
1000.01005505
1000.75100578
1001.22395258
1001.78818641
1002.25585337
1002.54780121
1002.79704841
1003.11743421
1003.81519552
1004.36888033
1005.34175731
1005.65269039
1006.43564373
1007.49264111
1008.47221192
1009.72072714
1010.1091834
1010.31134873
1011.25033725
1012.48360635
1013.64952009
1014.17958305
1014.90668198
1015.89504466
1016.73392937
1017.83125381
1018.62307093
1019.01389937
1020.1387845
1020.46397414
1021.52414254
1022.50995188
1023.07682029
1023.20808175
1023.89407625
1025.17230527
1025.75212834
1026.54383735
1026.83346206
1027.07232726
1027.54128531
1028.04261577
1028.2754831
1028.79030826
1030.06293875
1031.30725226
1032.53350027
1033.6100787
1034.3413228
1034.56794968
1036.24678634
1038.21766092
1038.75682872
1038.89229376
1039.81486453
1041.85350163
1042.27135216
1043.21077662
1044.7203636
1045.68805127
1047.43064846
1047.77032772
1048.25459322
1048.94781212
1050.60223757
1052.12516383
1054.16963437
1054.78998835
1055.32102922
1055.68570604
1056.37795706
1056.59251945
1057.46475843
1058.45338198
1059.60644448
1061.02964545
1061.32013595
1062.11712056
1062.77824685
1064.83580027
1067.21823164
1068.87257731
1070.01562782
1071.14118541
1073.5806721
1073.84111503
1075.10266402
1075.60994925
1075.79033003
1077.01164293
1078.16100356
1079.40200919
1080.15352839
1081.25455423
1082.25826017
1083.22326659
1083.71274713
1084.31362555
1084.67327144
1085.65676752
1089.0004556
1091.5838681
1094.07996001
1098.54389025
1100.37513695
1102.3192195
1103.93425322
1110.75190517
1118.74216922
1122.35353338
1123.18390183
1126.95540887
1128.80056542
1131.49950334
1133.32120892
1136.19286781
1137.87855285
1142.8761389
1146.31821386
1151.06423316
1367.55904747
