Computing Hessian Matrix ...
Computing Hessian Matrix ...
0.000658997750212
0.00208422491616
0.00239347536219
0.00270860594819
0.00299122468458
0.00325770060938
0.00424700472451
0.00456532403749
0.00528542045647
0.00643099537715
0.00689386201496
0.00696283513501
0.00719743172641
0.00781130951696
0.00857213037076
0.00931549001489
0.00966204063076
0.0108887603793
0.0116104455815
0.013562966632
0.0136773091277
0.0139743683452
0.0141558292156
0.014461597322
0.0146730363863
0.0153527630491
0.0157793442769
0.0162260516309
0.0167803483827
0.0168215422792
0.0178582565005
0.0181867014977
0.0186972001397
0.0188634730936
0.0196966783776
0.0202161375376
0.0213052514171
0.0213321901315
0.0229432337624
0.0231523434773
0.0234863428671
0.0241354631289
0.0245872582468
0.0264564017866
0.0267147037135
0.0268778018655
0.0270563125084
0.0271830589453
0.0284013253835
0.0292143063936
0.0301689453939
0.0302500519261
0.0311729219293
0.0324747493355
0.0325107921142
0.0331147524286
0.0336603711304
0.0339312334574
0.0342536214542
0.0348032523979
0.0354435963475
0.0364817926345
0.0365994151428
0.0372828656403
0.0376657165837
0.038536309717
0.0393760423437
0.0401161446435
0.0401924501823
0.0407828206874
0.0410860408534
0.0417580650364
0.0423568798141
0.0434192100881
0.0435595257613
0.0438039443285
0.0459509212147
0.0468539962361
0.0469996992153
0.0475349621512
0.0475717416371
0.0483755029448
0.0492089138065
0.0497271945329
0.049754314765
0.0503087435494
0.0505856130575
0.0513469546455
0.0519894046677
0.0527144819987
0.0534886135671
0.0538224825477
0.0554752539944
0.0555253827494
0.0561673742456
0.0567310543954
0.0571412072408
0.0577106249883
0.0586517154361
0.0596280916654
0.0598413477451
0.0603184065584
0.0615334823657
0.0616582444768
0.0623825471719
0.0629971863289
0.063537936688
0.0643882268192
0.0647265892987
0.0651780730842
0.0658141705755
0.0659663183965
0.0667882080516
0.0679096386886
0.0681794661877
0.0686653312268
0.0686858857752
0.0702581279145
0.070614678824
0.0710501198617
0.0715406982885
0.0720711129636
0.0722960699507
0.0732536198182
0.0744745936185
0.0745410094678
0.0751092026891
0.075727053147
0.0763247913107
0.0772908449492
0.0774687561286
0.078151034412
0.079122945789
0.0796626019366
0.0797453687121
0.080132239367
0.0814323806636
0.0821997540503
0.0822933672769
0.0824795062433
0.0834416020406
0.0842961850618
0.0848937802902
0.0849650278264
0.0864941679643
0.0868225196653
0.0869235770063
0.0882108584895
0.0885368073169
0.0894391276924
0.0900844568983
0.0906566661342
0.0917511207108
0.0919019149657
0.0929426393489
0.0931574534388
0.0933404320515
0.0936856396384
0.0937362443614
0.0942926695491
0.0951988056604
0.095718206798
0.0958031699771
0.0971595403533
0.0978975002871
0.097943414435
0.0985097371094
0.099488892644
0.0999316608008
0.099931719638
0.100937930287
0.101626813834
0.102457867822
0.102863266749
0.103434972175
0.103731300534
0.10510553509
0.105306339014
0.105871942365
0.106444583521
0.106546546569
0.10703299048
0.108341625898
0.108547929821
0.109281552789
0.110140410794
0.110153989343
0.110613935451
0.111860147385
0.112000229164
0.112771090224
0.113280329525
0.113346528134
0.113696454679
0.113719681296
0.114644007704
0.115795655627
0.115920409088
0.11687165484
0.11729724923
0.11746664587
0.117854848429
0.118083194454
0.119364623911
0.119643088253
0.120318859279
0.120890230464
0.121280471089
0.122184291743
0.123195140481
0.123808843774
0.124312935725
0.12441983107
0.125517038327
0.125981157274
0.127192073697
0.127323655419
0.12734016798
0.127909473202
0.128559787622
0.128619739141
0.129214401213
0.13012682733
0.130783778033
0.130972453307
0.132205840248
0.132208504023
0.132816172166
0.133769346002
0.134069293039
0.134690613522
0.13568485764
0.136076277643
0.13675520344
0.137487279957
0.138017963891
0.13871193461
0.139506632101
0.139608015662
0.139964271251
0.14023845112
0.141387700225
0.141589804198
0.141959731139
0.142242951903
0.142448873122
0.143314202102
0.143363344224
0.144297483445
0.145679595684
0.145859086125
0.147428937388
0.147438019662
0.147922274827
0.148677303831
0.148921503502
0.149920289972
0.151358944582
0.151402056768
0.151844339712
0.153356943818
0.153758865065
0.154297651633
0.155371270911
0.155543845043
0.155561167903
0.156596349271
0.156636328683
0.158065512504
0.15908862624
0.159276106216
0.160379441312
0.160453796527
0.160965047176
0.161123487423
0.16264086091
0.162846941257
0.163108612074
0.163984289082
0.164207887795
0.164456271832
0.165332368448
0.166005478961
0.167270853162
0.167452324052
0.16881965532
0.169381713493
0.169512554476
0.169928640132
0.170806641368
0.171446166175
0.171944287523
0.172181989387
0.172412917032
0.17289252287
0.173053067998
0.174495002476
0.174659498148
0.175028577722
0.175849304834
0.175871037468
0.177376288682
0.177580754153
0.178607912834
0.178759425018
0.179964943787
0.181110632445
0.181766192339
0.18221126916
0.182639516594
0.182737429784
0.18311358046
0.184164386732
0.184639066221
0.185796618946
0.185801867166
0.186534658801
0.187199485013
0.187268885814
0.188265914215
0.188380416719
0.189469350383
0.190382208581
0.190693459327
0.192213760139
0.192309900976
0.192969901807
0.19316485723
0.19395464085
0.194375615978
0.194804434288
0.195202732409
0.196099443323
0.196561228534
0.196607123865
0.196982137461
0.198359713031
0.198856846749
0.199402326836
0.199627693406
0.200692675575
0.200787985112
0.201304663892
0.202593447428
0.203344065715
0.203410750771
0.203968777313
0.204811020252
0.206102887228
0.206128794551
0.206329431547
0.208149363274
0.208377900891
0.208765902985
0.209147086658
0.209294427577
0.209363253189
0.21071159714
0.211062886849
0.212118103295
0.212886896479
0.213726021639
0.215038664633
0.21514270948
0.215465543877
0.216130374765
0.216451320556
0.216904260469
0.216998698236
0.217457371905
0.218405055391
0.219435069784
0.219808536503
0.219947649258
0.220260994274
0.22052373964
0.22125571638
0.222090546358
0.223846430837
0.224163371908
0.224720320219
0.225188979569
0.225744337827
0.226480986079
0.22761324439
0.228056129967
0.228282637489
0.228487211018
0.228892189078
0.228945368995
0.230517246188
0.230531442334
0.232349468866
0.233022464376
0.23348979847
0.233968433685
0.234195970815
0.23478871528
0.235490398522
0.235822150028
0.236315042779
0.236928482027
0.236952884832
0.237487642185
0.237761176404
0.23886849905
0.23946309194
0.239832893322
0.240075975138
0.240860836618
0.241886624591
0.242670269542
0.243871972207
0.244452881759
0.24456049884
0.2454983987
0.245786488597
0.246745446171
0.247006503619
0.247780778286
0.24857527944
0.249458712126
0.249866895703
0.250586030169
0.25097645893
0.251967257746
0.252114281771
0.252671620871
0.253207761144
0.253391837374
0.254057440863
0.254382355138
0.254728063192
0.256502761755
0.256569315535
0.257954707334
0.258304725549
0.258663108844
0.259014347694
0.260071053227
0.260284600212
0.260508139186
0.261504820727
0.261889610055
0.263762438147
0.26393884363
0.264043395512
0.264465783373
0.265416672726
0.266210808966
0.266617010739
0.267029870005
0.267346077489
0.268223769209
0.26825756279
0.269433842911
0.269762303286
0.27043522311
0.27172405228
0.271835321028
0.273235940348
0.274032515051
0.274506888215
0.274540749478
0.275274780017
0.275794000902
0.276715875006
0.27764760119
0.278487475494
0.278767923067
0.27956059043
0.279865595949
0.280097859881
0.280601510463
0.281133526614
0.281676610895
0.282012323247
0.282736734836
0.283366978533
0.283502704673
0.284593107488
0.284845055304
0.28694584815
0.287253207739
0.288214899155
0.288875692508
0.289282415956
0.289339217919
0.290106215208
0.291433414701
0.291773339853
0.292067149898
0.292685554442
0.294359917544
0.29489864187
0.295704025151
0.29595552611
0.296785298068
0.296823146109
0.297289090768
0.297426344014
0.298472267516
0.298825920437
0.299197401181
0.299309958901
0.300464399624
0.300697772627
0.301289019994
0.302133096881
0.303136299056
0.303375965009
0.303944639483
0.305047315331
0.305947985076
0.306266806787
0.306787915516
0.306851701924
0.307951987879
0.308654491891
0.310121802054
0.310156991415
0.311127879481
0.311247532148
0.31202138011
0.312584680677
0.313643675674
0.314364961775
0.31446473327
0.315108724271
0.316745539284
0.317253106122
0.317498515083
0.317902180324
0.318388556401
0.318604578502
0.319049918732
0.31943109555
0.320407625049
0.320564599423
0.321252990554
0.321657949163
0.32198175316
0.322878412884
0.324227322548
0.324489928321
0.324940396818
0.325158057351
0.326807742531
0.327221696803
0.327742133954
0.328195548612
0.32883556647
0.329076368779
0.329470646049
0.330119322828
0.331156611527
0.332003072171
0.332502339083
0.332534633297
0.333740230252
0.334517984121
0.335308548606
0.335987125343
0.336757042498
0.336822918533
0.337565741615
0.338458291825
0.339029731192
0.340057493263
0.340148841495
0.340429637271
0.34116089338
0.342225824218
0.342290052432
0.343834050227
0.344105589965
0.344690098258
0.345171606326
0.346357970959
0.346689142854
0.34720437877
0.347376243131
0.347820117951
0.348549542942
0.349207598361
0.349456164319
0.350419520645
0.350656116211
0.351097794741
0.351593059549
0.35238378085
0.353498892039
0.354098487034
0.354612117789
0.355550638222
0.356193913981
0.356961259253
0.356994079068
0.357229745355
0.358312034685
0.359560515138
0.359717928494
0.360007136287
0.361041158071
0.361928616623
0.362661694828
0.36303549532
0.363377972927
0.363789783946
0.36429804731
0.365155052675
0.365451114598
0.366109276812
0.366717859904
0.367377436113
0.36827715325
0.369563873061
0.370253283497
0.370538695436
0.371105022332
0.371379632872
0.372071765332
0.373143585617
0.373475071526
0.374659045632
0.375218749947
0.375793211757
0.376604416434
0.377190575292
0.377982333838
0.378382407927
0.378556719291
0.379847458387
0.380416522058
0.381701424059
0.382186011326
0.382233504583
0.383936069724
0.384030707397
0.384530223831
0.385022678367
0.385938514129
0.386358591038
0.386569043947
0.38720187316
0.388273731044
0.388589388094
0.38935008789
0.3894358495
0.390084380147
0.391252705358
0.391607429558
0.392289026481
0.394051954108
0.394659277843
0.395019204111
0.395711559816
0.395712504736
0.39673661974
0.397391780277
0.397990426529
0.398418751769
0.399061150499
0.399512581235
0.399927107885
0.400563546285
0.400878674406
0.401203130732
0.402072113777
0.403202309809
0.404168083168
0.404905009505
0.404973864141
0.405164719854
0.405991914502
0.406258684663
0.407304142571
0.408597580124
0.408745898545
0.409919864751
0.410011685181
0.410383340854
0.410829488679
0.411979435323
0.413172188338
0.413826547848
0.414691781055
0.414778180616
0.416297232495
0.416789653489
0.418052309728
0.419052983657
0.419228288334
0.419496616301
0.420095079229
0.420361191929
0.420548854105
0.42084158144
0.421702763292
0.422995811749
0.423000434066
0.423437422964
0.424006582448
0.425216204849
0.425710617511
0.425985376213
0.426999024183
0.427042462509
0.428097892858
0.428531835041
0.430213156732
0.43102982074
0.431418454173
0.431945428481
0.432181587344
0.43266092948
0.433866319108
0.434058729011
0.434589731042
0.435221848972
0.435757557378
0.437083280189
0.438189167624
0.438902353667
0.439358268403
0.440087083641
0.440757197495
0.441067396523
0.441119629486
0.442428881057
0.442955182415
0.443427826301
0.443826985219
0.444753738401
0.44537491058
0.445398813133
0.445795640413
0.448631459612
0.448666702344
0.448951113229
0.449420379261
0.450412133902
0.450441965928
0.450755954942
0.451092015909
0.451827688027
0.45259575095
0.452826853103
0.453353562452
0.454360066073
0.455087147796
0.45511420936
0.45577122611
0.456720590277
0.456756524551
0.457693052282
0.458186207415
0.458998223298
0.459056813415
0.459701752973
0.460389388091
0.461189712421
0.461624993283
0.461835655774
0.463552682373
0.463666706425
0.464471287298
0.464738316366
0.465143844602
0.466518147797
0.467384759807
0.468119743882
0.468785873101
0.469242099886
0.469245959609
0.469989118981
0.470911101845
0.471678825046
0.472371121161
0.4728065078
0.473036341935
0.473570162449
0.474850713232
0.475361471814
0.475968150028
0.475978449081
0.477602503649
0.478370385108
0.479164308447
0.479404082954
0.480245296403
0.48085531246
0.481435022747
0.481870008916
0.482459859543
0.484308307685
0.484824007281
0.48504503047
0.485058022773
0.485736189895
0.486728404975
0.486924697431
0.487600439793
0.487770146577
0.488236098331
0.488358508024
0.488966426645
0.489929949608
0.490426382945
0.490831554339
0.491280288234
0.491575538797
0.492754417804
0.493553346307
0.493785364904
0.495714855582
0.495833977444
0.496135398448
0.496876101578
0.497634214358
0.49805193601
0.499674020114
0.499904947482
0.499906130034
0.500443160434
0.500729469582
0.502496506993
0.502932029678
0.50351751272
0.503783519106
0.504172141981
0.505503505167
0.505817467008
0.50707130976
0.507182731989
0.507282606209
0.508748649582
0.508970903193
0.510435401144
0.51056212317
0.511649821366
0.512862591979
0.513433726393
0.51360040267
0.51406126323
0.514618856844
0.5155341629
0.516547066764
0.516789664376
0.517800481457
0.518696249919
0.519045126329
0.519240044913
0.519478669885
0.520591194222
0.521241579495
0.52156633861
0.521937270003
0.522683189056
0.523132736886
0.523184826325
0.523921608977
0.524112340565
0.525269383586
0.526475157375
0.526752220862
0.527159713286
0.527337628337
0.528307424746
0.529146492883
0.530029748924
0.530809877733
0.530851864009
0.532012524226
0.532028022817
0.533517797041
0.53444730948
0.534634171324
0.534793865708
0.535583746893
0.536724728183
0.538949144189
0.539170678503
0.539581145081
0.540156941581
0.54074664966
0.541813745628
0.542911688436
0.543061281096
0.544103971962
0.54412694992
0.544957901464
0.545215331995
0.546232231321
0.54695658134
0.547035945072
0.547230618893
0.548023576715
0.548088962129
0.548874417086
0.55007348681
0.55105438859
0.552016546217
0.55212875991
0.553575531097
0.55397941769
0.554549563122
0.554640564273
0.556336667496
0.556558727152
0.556619348747
0.557393942535
0.558389608118
0.558570878444
0.559733312257
0.560165050458
0.560970564715
0.561229896268
0.562403144094
0.562424870954
0.562992117817
0.563712658689
0.564765066838
0.564792467625
0.565384966957
0.566719953378
0.56692475072
0.567021509006
0.567670200696
0.568258895073
0.569283345892
0.569662601392
0.569866164344
0.57167898785
0.571792862149
0.572022999191
0.57282988047
0.573254986219
0.573899251533
0.575429827425
0.576111215912
0.577074163868
0.577180866251
0.57762550469
0.578031426842
0.579455522261
0.57967108763
0.580277943533
0.581593298381
0.58208224464
0.582552817032
0.583824125549
0.584263052895
0.584873933592
0.584949549357
0.585994508174
0.586296642584
0.586958498611
0.587175293474
0.588044932747
0.588515036285
0.589928978898
0.590510599105
0.591208369129
0.59149188786
0.591751525229
0.592379103222
0.592405519701
0.592944591798
0.593096439317
0.593475996378
0.593857392099
0.595090415426
0.595365343837
0.595799062336
0.596584504905
0.598913357005
0.599132129623
0.600413814694
0.600904948771
0.601360420597
0.601643394746
0.602173632359
0.602999259123
0.604744290262
0.604970158277
0.605528795389
0.606424033987
0.607241018338
0.607467727103
0.607740391515
0.607781576414
0.608576598668
0.610156757458
0.6115751957
0.611739388164
0.612064144304
0.613276205902
0.613777164597
0.614145307396
0.61517252371
0.615826629938
0.615949078591
0.616232282499
0.616832100492
0.617179666278
0.617462179384
0.618172930781
0.618596014059
0.620230070683
0.620605290546
0.621098332857
0.621816826413
0.623220763224
0.623367944821
0.623698418574
0.624303845899
0.624397441609
0.62512868487
0.625364193019
0.626472130942
0.627063618145
0.627740482438
0.628587529441
0.629179472884
0.630219289609
0.630313124783
0.630708193348
0.631796293885
0.632244002282
0.63323753254
0.633702777293
0.634599456714
0.635230283994
0.63549338472
0.636037075531
0.636940628912
0.637183165338
0.638321273887
0.639401736948
0.639586035666
0.639922646236
0.640466062847
0.640800440983
0.642216256641
0.642636078517
0.643346835669
0.643473579811
0.644146094573
0.645092480848
0.64607603636
0.646876511751
0.647275003832
0.648522504943
0.649385240985
0.649757492907
0.650258415508
0.650454434838
0.650741031782
0.651526555456
0.651639542115
0.652999793744
0.653773517496
0.654743121027
0.655631669772
0.65649392932
0.656923011278
0.657483799458
0.657853948404
0.658058050107
0.658593763559
0.658804018278
0.660091885077
0.660441264938
0.661026639615
0.661603013576
0.662259100561
0.662856134056
0.664548143277
0.664693217611
0.666002257359
0.666137709998
0.66653412494
0.66735345609
0.667811508257
0.668918560644
0.669015020038
0.669888486469
0.669973380362
0.670558625533
0.671074276349
0.671156226795
0.673391518226
0.674162386391
0.674488336167
0.675999960319
0.676108977765
0.677194183875
0.679199952029
0.679211584355
0.679848768931
0.680011249654
0.680836257693
0.681577636341
0.681815229025
0.681903906677
0.68311211209
0.683166188716
0.684151188838
0.685437992453
0.685718461739
0.686516953399
0.686827590296
0.687478988354
0.688185689943
0.688286025285
0.689718131673
0.690150158681
0.690832774404
0.691818708763
0.691967983027
0.693028299088
0.694091591307
0.695408363908
0.695483423711
0.696210692034
0.69754479026
0.697982190741
0.698705137189
0.699335898466
0.700130778733
0.700544555818
0.700776764461
0.700829691898
0.702874755509
0.702963998231
0.703908632458
0.704890201816
0.704927338538
0.706017871629
0.706583970995
0.707160785723
0.708831963049
0.708881004305
0.709344205104
0.709686309182
0.71007119924
0.711312120712
0.71175817443
0.712558970875
0.71297337492
0.713037624919
0.713040234591
0.714350498203
0.714600931715
0.715905027063
0.716609994211
0.717431395741
0.718393383477
0.71891933403
0.718928540563
0.719983662364
0.721080376678
0.721332545246
0.721811381654
0.722159260099
0.722735845847
0.723092124906
0.724130564611
0.725036554915
0.725958837057
0.726466079666
0.727449110094
0.728495817833
0.728500786817
0.729456924744
0.730066197297
0.730548393099
0.73228178612
0.732522670209
0.733100966921
0.733673894889
0.734001156359
0.735630672605
0.736926927698
0.737052976677
0.737319627692
0.737579837527
0.737735004907
0.73953355836
0.739584097277
0.740319558125
0.740757420814
0.74151612957
0.742088128117
0.742483796535
0.74315814494
0.74323238422
0.743691331663
0.743795350775
0.74433337653
0.745751643291
0.746694034711
0.747694108979
0.748218996361
0.74930895121
0.750131358144
0.750338573122
0.751000967711
0.751366848963
0.751698841276
0.752956299492
0.753400942454
0.753927615522
0.754586990473
0.754978860964
0.756416861253
0.757146410414
0.758466123229
0.759399404818
0.75993863989
0.760938861221
0.761675406456
0.7616937264
0.76194979467
0.762186434298
0.763060525417
0.765130450889
0.765856757268
0.765980495897
0.766460816478
0.766570058198
0.768335579735
0.768771806431
0.769371962541
0.770944104015
0.77147351196
0.77179218558
0.771887266974
0.772105448786
0.773025470882
0.773999269758
0.77496825208
0.775624228654
0.776767283071
0.777420201256
0.777968229212
0.779397761395
0.780007460905
0.780628996512
0.781128180528
0.781171380447
0.781696111882
0.782301725985
0.782707846208
0.784180433485
0.784562284819
0.785509385478
0.786126535285
0.787488436079
0.787795923074
0.788157963577
0.789161042804
0.789726905106
0.790019089209
0.790438289267
0.791511378891
0.791841945405
0.792362121293
0.792662884239
0.793463554854
0.795057595084
0.795084421989
0.796142556515
0.797378115052
0.798927705158
0.799426110001
0.800201147376
0.800276556544
0.801293186218
0.802068977956
0.802112237454
0.803176494616
0.803604166533
0.804096126302
0.804780040823
0.805102285354
0.80621323385
0.806296506503
0.807412847785
0.807998534713
0.80865980093
0.809177954166
0.809918290468
0.810045953523
0.810840409647
0.811305225391
0.811423140268
0.81245510416
0.813778632395
0.814854433722
0.815874601905
0.816309398372
0.816415901058
0.817097634361
0.817266489609
0.81956245831
0.819844995187
0.819896639192
0.821359544865
0.822083641282
0.822657932014
0.823137026054
0.823980970593
0.824724737317
0.824827469299
0.825409262077
0.825803324414
0.826415684103
0.826633313218
0.827259476258
0.828607157602
0.83067811655
0.830694440985
0.83175435132
0.832159608646
0.832446279047
0.833491082321
0.83393395717
0.834671232671
0.835411297681
0.835731366207
0.836600304736
0.837374712307
0.837923044395
0.838566019996
0.839122732819
0.839536666886
0.839798189137
0.840654313651
0.84160013686
0.843069334313
0.843182929662
0.844028167252
0.844722374611
0.845385215886
0.84584691437
0.845869180475
0.847021887588
0.847869456234
0.848293455388
0.849503974072
0.850660744446
0.850722942812
0.85171759204
0.852738234958
0.853192724496
0.853282677888
0.853674983388
0.854642800285
0.85498725646
0.855866390766
0.856444870411
0.858027296571
0.859694839015
0.860658521357
0.860924150045
0.861388569793
0.86156214771
0.862331913967
0.863569191684
0.863596185091
0.864380888737
0.864594676552
0.865383783582
0.866465297633
0.867674011318
0.867993020286
0.868635533345
0.869355398833
0.869435771568
0.870077437886
0.870433804393
0.870503954946
0.871254353761
0.873034629256
0.874838720254
0.875363928485
0.876240089923
0.877403145227
0.877694942511
0.878205483558
0.879449282806
0.880643721228
0.880941904258
0.881555075769
0.882366612616
0.883345467109
0.883505434255
0.883671206286
0.884530852456
0.885603439205
0.885792978814
0.886129792405
0.88761152203
0.888530350187
0.888672893587
0.889587764131
0.890117857705
0.890696581665
0.891417274368
0.892447008023
0.893257556834
0.8954222215
0.895513426061
0.895766217134
0.89699001818
0.897970494436
0.898712726814
0.898847943112
0.899743680106
0.900278805332
0.900725825687
0.902097311739
0.902528847875
0.903436376069
0.903837429933
0.904190752433
0.904774225359
0.906048129239
0.906254673199
0.908606796713
0.90878086613
0.909203283441
0.910195234086
0.910853551781
0.911577852692
0.911969886266
0.913160539478
0.913729093185
0.914217170961
0.914476062107
0.915216972675
0.915878312233
0.916634466888
0.91685867483
0.917256157965
0.917962546927
0.918930689299
0.918969381706
0.920527222286
0.921229348861
0.92205998847
0.922520578621
0.922669554303
0.923306604226
0.923710019741
0.925401167113
0.926714757336
0.926865015261
0.927163702757
0.928651981798
0.9293193505
0.929468507706
0.930451948559
0.931001722191
0.931243970361
0.932333432782
0.933155053428
0.933837997938
0.934491559717
0.934727417143
0.935784516182
0.936495895687
0.93792150499
0.938559361868
0.938772227524
0.939596368134
0.941549504057
0.941560904321
0.942922078842
0.94385763548
0.944125697775
0.944389499093
0.945449803241
0.946375435756
0.946650949111
0.947180886856
0.948396966848
0.948626833374
0.949467585331
0.949558697372
0.95126387855
0.952488864314
0.953183225873
0.953714760865
0.953721394619
0.954027175101
0.954081065566
0.95537673239
0.956632210327
0.957103116301
0.958219047297
0.959533794274
0.960243097604
0.96054483776
0.961057611637
0.961079983335
0.962413838612
0.963368938022
0.963761648859
0.964488561875
0.965204651259
0.965431668359
0.966885565454
0.96791924835
0.967977607332
0.968917436337
0.970488334968
0.970493323057
0.970873811636
0.972438648117
0.972750929883
0.973604161175
0.975212657126
0.975292522968
0.97624019869
0.977124781174
0.977412063186
0.978012037022
0.978348707579
0.980885616048
0.981235787107
0.98148127728
0.981652456027
0.982136770426
0.983695425171
0.98410691283
0.984499870877
0.984612325348
0.985663402915
0.986293487192
0.987345015099
0.987532833296
0.988749121798
0.989475643444
0.990308447529
0.992129224269
0.992444901591
0.99354235057
0.994851069566
0.995077163077
0.995291611686
0.995983142674
0.996496110755
0.997232124499
0.999035443441
0.999075803464
0.99997187114
1.00042803708
1.00181061253
1.00186233131
1.00331135927
1.00383354685
1.00479467646
1.00495536884
1.00581936
1.0066925018
1.00683415261
1.00824256657
1.00857131591
1.00919426126
1.00971406433
1.01079857827
1.01153596738
1.01314659116
1.01362724504
1.01387142763
1.0139656459
1.01455780023
1.01607902814
1.01674578752
1.01778858787
1.01878750641
1.01925247999
1.01996666852
1.02039446436
1.02177796547
1.02187801479
1.02230188315
1.02319496359
1.02424826834
1.02473370708
1.02661042113
1.02731490277
1.02782349473
1.02798146842
1.0284666775
1.02868579431
1.02992617592
1.0305474553
1.03055676123
1.03207619821
1.03235910191
1.03240225435
1.03477713119
1.03645819442
1.03683162779
1.03711642525
1.03753970565
1.03798392545
1.03886690368
1.03945606401
1.03990224224
1.04051965602
1.04130154966
1.04298183448
1.04329799796
1.04509930345
1.04549199098
1.04565011774
1.04611649323
1.0469988152
1.04881028854
1.04963478039
1.05062231356
1.05095622961
1.05125648066
1.05225348401
1.05230360199
1.05255971248
1.05372130924
1.05445980576
1.05477674925
1.05550817032
1.05583511281
1.05755422156
1.05812490647
1.05915011781
1.05971960099
1.06051187378
1.06057784467
1.06148035236
1.06262081936
1.06266937358
1.06277733934
1.06466460228
1.06509851978
1.06681435137
1.06698520066
1.06807896824
1.06916723341
1.06979106803
1.06984103978
1.07017044139
1.07078670186
1.07127808688
1.07153945519
1.07342680558
1.07355531799
1.07470170452
1.07485839842
1.07675633433
1.07768822096
1.0784932941
1.07915217452
1.07985716427
1.08020277114
1.08053717489
1.08231703732
1.08360767567
1.08362454296
1.08408330891
1.0855185298
1.08563753352
1.08715940184
1.08756142085
1.08862066738
1.08921946902
1.09062760108
1.09134278636
1.09248004761
1.0928694432
1.0929462035
1.09386306548
1.09456361417
1.0962085737
1.09727400275
1.09803636021
1.09866452369
1.0989749503
1.09952402871
1.10024176858
1.10100276338
1.10168687916
1.10229145089
1.10307968308
1.10331153093
1.1050973885
1.10546717718
1.10619510035
1.10771566052
1.1079335954
1.10856769853
1.10915585058
1.10927592325
1.10985914578
1.11061465727
1.11197859462
1.11251765782
1.11286773711
1.1140405176
1.11455741549
1.11724632037
1.11776627913
1.11791827459
1.11911303697
1.11984311272
1.12033192834
1.12048456513
1.12072360461
1.12145173079
1.1230884992
1.1238407895
1.12411625338
1.12479445778
1.12511473701
1.12539168163
1.12684791068
1.12757453812
1.12764217816
1.12887446905
1.12987912857
1.1302349268
1.13132379416
1.13202689093
1.13328741258
1.1336725603
1.13387929988
1.13439860512
1.13540061687
1.13583363846
1.1365981669
1.13741585187
1.13833716327
1.13934856366
1.1399960333
1.14172166455
1.14190903905
1.14239153264
1.14268799713
1.14358789494
1.14450922253
1.14491313202
1.1458913816
1.14683336873
1.14707285954
1.14791196236
1.14861386537
1.14925353339
1.14959679554
1.15027350708
1.15215155594
1.15280792199
1.15389129609
1.15410537325
1.15499460829
1.15536355562
1.155657837
1.1571081298
1.15777015347
1.15790300958
1.15870248404
1.15929916087
1.16056623352
1.16101485346
1.16201621705
1.16208680442
1.16375478654
1.16462020164
1.16493395882
1.16525096033
1.16617593314
1.16635457748
1.1677250432
1.1682214224
1.16872244738
1.17008108337
1.17032614576
1.17132112975
1.172592798
1.17379181532
1.17620950522
1.17639085566
1.1776990355
1.17781932905
1.17986740807
1.17998577548
1.18000222229
1.1808852255
1.18155759133
1.18354757198
1.18428623157
1.18544923851
1.18556935366
1.18600022176
1.18672958185
1.18677393617
1.18810704079
1.18831052896
1.18886721409
1.18962940896
1.19199618489
1.19213226413
1.19262767236
1.19299764007
1.19441465569
1.19594344582
1.19628329342
1.19729998142
1.1979470184
1.19890566007
1.19981428197
1.20096304736
1.20145912765
1.20170834432
1.20219363445
1.20405556737
1.20421172151
1.20503067741
1.20517972526
1.20650433855
1.20729400959
1.20878299987
1.20910438026
1.20975370937
1.21067730772
1.21160432101
1.2126814073
1.21322400967
1.21399045795
1.21429533655
1.21628448317
1.21703427314
1.21712816629
1.21754026086
1.21883506264
1.21971388488
1.22099821115
1.22107529507
1.22281816753
1.22300128259
1.22419099937
1.22464374564
1.22485757699
1.22593242505
1.22641994276
1.22800235997
1.22863229472
1.22904888836
1.23049781654
1.23062013217
1.23263493849
1.2329236626
1.23407145248
1.23551811539
1.23567040838
1.23642129039
1.23694537837
1.23724466569
1.23812885023
1.23871955884
1.2401555088
1.24105966444
1.24234872391
1.24452149394
1.24492121428
1.24518032405
1.24583860985
1.24680888586
1.24734667485
1.24793967143
1.24812334149
1.24943171337
1.25004578141
1.25112935914
1.25196603293
1.25248920389
1.25332063806
1.25381857016
1.25467213317
1.25558578552
1.25576853362
1.2570429293
1.25823585135
1.25961932327
1.25977186331
1.26186249481
1.26235859295
1.26267181463
1.26308289341
1.26456606189
1.26523127176
1.26546628345
1.2664235322
1.26646748762
1.26834253936
1.26929507524
1.26991120214
1.27019964679
1.27057782973
1.27105093327
1.27134321411
1.27316987241
1.27425877855
1.27469837289
1.27505577347
1.27597150452
1.27729189726
1.27774278892
1.27927718027
1.28051174859
1.28088201101
1.28170594062
1.28268791894
1.28473252182
1.28502693167
1.28546633869
1.28567550657
1.28779051238
1.28802824879
1.28889897879
1.28982821232
1.28995558744
1.29169829219
1.29170926296
1.29225485418
1.29328635116
1.29408494885
1.29472350161
1.295215637
1.29687535116
1.29706858783
1.29813295952
1.29912971362
1.30042039046
1.3011033489
1.30132069751
1.30228558045
1.30256436644
1.30449000183
1.30502350687
1.30628308783
1.30665615971
1.30762605564
1.30937305663
1.30965830019
1.3108483888
1.31150697576
1.31261904529
1.31261931957
1.31433070569
1.31452865551
1.31474053547
1.31670612768
1.31720913162
1.31869063585
1.31903042251
1.31988467011
1.3201244589
1.32104312212
1.32130043668
1.32175339231
1.32397265273
1.32426866886
1.32582625398
1.32586015544
1.32652534574
1.32732247806
1.32804174669
1.32814619157
1.3294258696
1.32967337366
1.33152285839
1.33161979707
1.33310364483
1.33327089352
1.33543836818
1.33598049313
1.3365008621
1.33694192007
1.33733164305
1.33859617163
1.33905104555
1.33958874707
1.34029344974
1.34241414647
1.34327002343
1.34366603812
1.34419784848
1.34456701972
1.34534402505
1.34537265626
1.34608739105
1.34754595457
1.34814208451
1.34886269998
1.34940907079
1.34959046592
1.35212502521
1.35262846395
1.35364171475
1.35468547329
1.35494500238
1.35544628279
1.35676413754
1.35945740254
1.36024377104
1.36066183354
1.36227243377
1.36295946606
1.36355389256
1.36479837795
1.36568964107
1.36598272503
1.36660641779
1.36770344998
1.36796104855
1.36874900968
1.36985381922
1.37131062941
1.37193443869
1.37336543399
1.37341783643
1.37435986835
1.37461114275
1.37478736898
1.37531775214
1.37760773515
1.3795521973
1.37996550939
1.3800006251
1.3806643809
1.38159602509
1.38250766803
1.38251189429
1.38305879924
1.38309145064
1.38512708767
1.38625332716
1.38689613337
1.38732973281
1.38882073143
1.38971414
1.39076129117
1.39193238023
1.39244374855
1.39450023271
1.39520474574
1.39650213766
1.39724876168
1.39730154742
1.39844170837
1.39847482271
1.39958884509
1.40009641246
1.40103794376
1.40227452344
1.40335755789
1.40356696548
1.40482793161
1.40601201637
1.40602526627
1.4078421465
1.40809932506
1.40821983679
1.41009100603
1.41113690827
1.41133674162
1.41293415275
1.41312922804
1.41313037822
1.41391612016
1.41517448436
1.41600929744
1.41743211896
1.41828414858
1.41965532612
1.41968189304
1.42048484818
1.42211545507
1.42334076558
1.42445874044
1.42474000014
1.42474369657
1.42554155696
1.42581815584
1.4279790699
1.42856041836
1.42932710042
1.429962776
1.43057222182
1.43116986048
1.43317600082
1.4345892858
1.43481052395
1.43612747326
1.4373213873
1.43733181811
1.43877229691
1.43885446415
1.43921800754
1.43990101897
1.44022779251
1.44177614633
1.44243832872
1.44348815737
1.44436985927
1.44503943728
1.44629353387
1.44686009024
1.44785123536
1.44886821397
1.44978163279
1.45202027124
1.4532182781
1.45367910068
1.45476416552
1.45548246518
1.45638709018
1.45685129391
1.45733832085
1.45799281709
1.46073274252
1.46084883076
1.46136548645
1.46260198743
1.46332764018
1.46374572318
1.46420488775
1.46545749118
1.46649882704
1.46732817713
1.46750443791
1.47063807023
1.47125439172
1.47189833979
1.47252972505
1.47442193722
1.4749046731
1.4753604435
1.47675362688
1.47745016113
1.47850873553
1.47888278234
1.47984822139
1.48055512155
1.4817502726
1.48347968813
1.48353029344
1.4849287021
1.48510995037
1.48640668141
1.48676044544
1.48812452529
1.48956353585
1.49096064841
1.49101555614
1.49145742217
1.49175456341
1.49298072788
1.49440920494
1.49591575839
1.4959393542
1.49743284056
1.49827848103
1.49903061417
1.50025328094
1.50194724471
1.50256409593
1.50256832739
1.50407542344
1.5049070587
1.50519592804
1.50634164958
1.50708399523
1.50899691702
1.50940096212
1.51160152414
1.51178445516
1.51242361697
1.51361634899
1.51407017836
1.51523585521
1.51657669712
1.51736157619
1.51746270405
1.51876724979
1.52048918172
1.52086158783
1.52151221608
1.52187190478
1.52215680049
1.52452565553
1.52497614374
1.52693082729
1.52740539337
1.5282119983
1.52872973409
1.53013082261
1.53035522005
1.53089306325
1.53156318346
1.53199808935
1.53442668842
1.53446459845
1.53466098886
1.53591481835
1.53762641571
1.53795176065
1.53820062529
1.53999634767
1.54095619956
1.5416845124
1.54288937757
1.54309052429
1.54413831335
1.54442258558
1.54604417618
1.54605768569
1.54720560375
1.54876108749
1.54951665618
1.55107873926
1.55201277975
1.55247593574
1.55347352098
1.55398739041
1.55538289252
1.55704780152
1.55727499454
1.55860369462
1.55894974931
1.55927453897
1.56048481368
1.56097090485
1.56167869624
1.56303192548
1.56321337181
1.56426110061
1.56591561716
1.5662994731
1.56683959507
1.56937674808
1.56951892499
1.56965590828
1.57206564891
1.57259012309
1.57383682594
1.57472548324
1.57498200648
1.57623370954
1.5764774103
1.57692650834
1.5785195558
1.57966978508
1.57976281375
1.57995270205
1.58159278013
1.58205376925
1.58350070345
1.58465390642
1.58515594115
1.58670763596
1.58791807569
1.58887032939
1.58936360245
1.59020283947
1.59057900279
1.59264340466
1.59317994028
1.59344158617
1.59526367588
1.59684391018
1.59778313842
1.59881414658
1.59887440799
1.60077130393
1.60105025747
1.6018674102
1.60376536434
1.60463834343
1.60535528652
1.60708225937
1.60754401722
1.60797865233
1.6081276322
1.60915611917
1.60960331623
1.61152360784
1.61316027015
1.61373012878
1.61465699378
1.61543226755
1.61785158642
1.61897589389
1.61994617245
1.62060253311
1.62233154841
1.62233988811
1.62366496929
1.62578381309
1.6265441094
1.62659914953
1.62698269031
1.62814683552
1.62912836357
1.62951094538
1.63120359211
1.63251734467
1.63292467193
1.63370886555
1.63505928287
1.63514290435
1.63743816357
1.63769711762
1.63826426756
1.6389647236
1.6406623267
1.64133703721
1.64203460092
1.64347199622
1.64428860091
1.64697816426
1.64803912472
1.64816560638
1.64899393487
1.64973514655
1.65083361249
1.65399289123
1.65436220697
1.65445680962
1.6550123773
1.65598692808
1.65816048246
1.65858912178
1.6596723183
1.66038658721
1.66145996481
1.66150221668
1.66262241146
1.66296206837
1.66605697279
1.66618657133
1.66734418612
1.66840677819
1.66962684557
1.6700757684
1.67215838146
1.67225255375
1.67396728814
1.67404799111
1.67479383404
1.67492713322
1.67707808632
1.67730806679
1.67798030438
1.67886384436
1.68117902673
1.68147042154
1.68330920693
1.68362542985
1.68395706637
1.68440323134
1.68668240718
1.6868989284
1.68945804296
1.68999330979
1.69092933035
1.69124386648
1.69179704663
1.69335172932
1.69338077842
1.69417047943
1.69646732612
1.69662767824
1.69788279391
1.69929537907
1.70098325664
1.70183652151
1.70358059407
1.703762345
1.70486730681
1.70525132925
1.70563727653
1.70649115252
1.70744472922
1.70908713331
1.70919721153
1.71056552686
1.71083491463
1.7119478882
1.71216171287
1.71570013959
1.71607853545
1.71818750012
1.71852713983
1.72117552222
1.7220372874
1.72342286298
1.72419007696
1.72430326385
1.72556959695
1.7255995646
1.72703668227
1.72774146579
1.72920874378
1.73094993941
1.73231151467
1.73387893356
1.73436942361
1.73464342432
1.73540727261
1.73544425907
1.7372023705
1.73962324568
1.74065281731
1.741305533
1.74257797799
1.74370130009
1.74389563913
1.74533558864
1.7460949208
1.74653885572
1.74695295427
1.74700830076
1.74951237809
1.75071708883
1.75154789477
1.75386764046
1.75504058235
1.75556077233
1.75707291885
1.7572272045
1.75849463
1.7587941481
1.75944775792
1.75987148937
1.76167409183
1.76278801454
1.76446400969
1.7654895442
1.76624800376
1.76657153809
1.76696058416
1.76824879208
1.76921919719
1.77083419767
1.77111471252
1.77259860154
1.77318750758
1.77385689719
1.77503670403
1.77590915599
1.77776970275
1.77929884453
1.78038983207
1.78344476974
1.78428140819
1.78547196281
1.78556077113
1.78618884057
1.78714477394
1.78887895413
1.7890920103
1.7905033352
1.79191301912
1.79288814176
1.79500808891
1.79509811703
1.79589352214
1.79769483576
1.79831877151
1.79857227124
1.7997566394
1.80036136009
1.80090369865
1.80167190682
1.80353472234
1.80375260823
1.80472160897
1.80518309074
1.80753930003
1.80891209592
1.81005506747
1.81066806874
1.81242465996
1.81401888096
1.81464157823
1.81467781261
1.81650915384
1.81689664418
1.81709163146
1.81838076486
1.8212600975
1.8214333517
1.82485583884
1.82492044662
1.82682011147
1.8276444304
1.8280238187
1.83047868229
1.83075901563
1.83348239188
1.83353295992
1.83390593138
1.83458461709
1.83686155851
1.8380766183
1.8384757405
1.83947606536
1.8402682987
1.84132077488
1.84241015144
1.84292954395
1.84488136409
1.84595004026
1.84791431322
1.84878212312
1.85014967095
1.85015606364
1.85158606793
1.85310700576
1.8542100099
1.85550135244
1.85574388353
1.85790425013
1.85854281249
1.86043717546
1.86172549552
1.86234591555
1.86327203859
1.86407427343
1.86501332638
1.86604276832
1.86629751851
1.8675846924
1.86812837192
1.86924647325
1.87058233561
1.87088380258
1.87496545829
1.87513471065
1.87704544973
1.87707690995
1.87816757519
1.88055232779
1.88246973038
1.88250795766
1.88412011747
1.88461816152
1.88503321698
1.88904582889
1.88909629002
1.89076090679
1.89183440154
1.89221618156
1.89302888133
1.89329267229
1.89511402782
1.89513456867
1.89647966791
1.89753309212
1.89754938976
1.90045481751
1.90105361188
1.90267443477
1.90465113936
1.90570977497
1.90582300205
1.90687129854
1.90762321423
1.90977553385
1.91025335294
1.91246171551
1.91509922697
1.9154519818
1.91660145817
1.91829117799
1.91866232255
1.91955202963
1.92053765855
1.92148603644
1.92288256215
1.92370424039
1.92493579822
1.92599886648
1.92705245689
1.92734979223
1.92940296511
1.92981482162
1.93154846528
1.93238617504
1.93378764043
1.93441856522
1.93677089577
1.93696343175
1.93839029422
1.93869291836
1.9414163428
1.9430936045
1.9447085196
1.94568084469
1.9457936984
1.94801560382
1.94924723762
1.9502923579
1.95119918868
1.9523599348
1.95283527588
1.95372387113
1.95634985205
1.95656373813
1.95768948156
1.95816972648
1.95944356668
1.9599107474
1.96119205886
1.96121441448
1.96256054289
1.96430929499
1.96568686437
1.96641037366
1.96794872927
1.96906719784
1.97198888448
1.97234098935
1.97310979995
1.97531116657
1.97600750412
1.97706687709
1.97750009918
1.97805224461
1.98097815162
1.98150322887
1.98370112574
1.9842335077
1.98662137571
1.98820597585
1.989439509
1.99150179529
1.99189321571
1.99326356082
1.9943135279
1.99546619438
1.9960527326
1.99811813488
1.99818928961
1.99836502129
2.00009436627
2.00114334992
2.00136577194
2.00461329422
2.00569640493
2.00711562342
2.00765693573
2.00921840946
2.01079246935
2.01360922269
2.0148657121
2.01490935996
2.01559459657
2.01572478465
2.01692395813
2.01986917422
2.02065516423
2.02097371928
2.02224658109
2.02429780085
2.0255489016
2.02806451511
2.02817356498
2.03126143832
2.03148342348
2.03225504786
2.03290909387
2.03396510195
2.03486368734
2.03658658376
2.03774972113
2.03947230812
2.0401274532
2.04117471818
2.04324458084
2.04348980659
2.04625372588
2.04652197168
2.04715771737
2.04929828936
2.05017950943
2.05156693606
2.05333374444
2.05423173514
2.05468576932
2.05483258459
2.05518680293
2.05576977788
2.06007628857
2.06037582716
2.06341116971
2.06354647088
2.06496726735
2.06539837104
2.06932184433
2.07137935552
2.07255011789
2.0725887257
2.07368270435
2.07506988694
2.07736556411
2.07763303965
2.07945595237
2.07999972764
2.08059904558
2.08076629822
2.08506044328
2.08513387933
2.0863646912
2.08684242921
2.08875089222
2.09114161369
2.09229609191
2.09349102581
2.09397374557
2.09531322685
2.09759131728
2.09819230835
2.1009075318
2.10294291804
2.10475965718
2.10587667624
2.10661793277
2.10835933761
2.10870940892
2.11019851173
2.11041591313
2.11206707657
2.11360974782
2.1149715147
2.11526432329
2.11676408539
2.11812261063
2.12049001219
2.1224635441
2.12334058075
2.12477436348
2.12698032711
2.1276280556
2.12847093077
2.1315469218
2.13275593751
2.13383498125
2.13476255895
2.13544240961
2.13648505761
2.13957289854
2.13989401693
2.14092288522
2.14192386021
2.14299256574
2.14511311854
2.14590945058
2.14733182505
2.14750055052
2.14910167799
2.15168006669
2.15287920588
2.15345392515
2.15719090067
2.15732007983
2.15812709192
2.16022459594
2.16064613915
2.16448950688
2.16502753879
2.16574110142
2.16750689586
2.16753978702
2.16865899207
2.17018467407
2.17195978684
2.17444128815
2.17537426097
2.17589977428
2.17638924022
2.17775965479
2.17941747096
2.18042335541
2.1822720497
2.18246449051
2.18457669272
2.18769500209
2.19027917415
2.1909799014
2.19209559704
2.19396922706
2.1943202168
2.19473806263
2.19736994852
2.20001880953
2.20006818243
2.20316987493
2.20330814856
2.20424927783
2.20535541428
2.20873600452
2.208783318
2.20983301718
2.21012026235
2.2131863644
2.21478942357
2.21556124145
2.21836560142
2.21966225829
2.22002015889
2.22046338072
2.22250174786
2.22493839787
2.22642883872
2.22956603419
2.22961441898
2.23080494038
2.23284083788
2.2333385715
2.23472157974
2.23588609005
2.23890207397
2.23909838433
2.24038692305
2.24121502825
2.24385375077
2.24425747288
2.24872910378
2.24919964337
2.25045944838
2.25162237853
2.25401966598
2.25592335838
2.25779647215
2.26066554929
2.26117571975
2.26327289647
2.2640178008
2.26500369998
2.26638878712
2.26673592793
2.26870812735
2.26975064757
2.26981656936
2.27135459116
2.27409833329
2.2758834827
2.27646727396
2.27928443774
2.27971746909
2.28282305212
2.2835623511
2.28365284117
2.28843429856
2.29020293771
2.29093781241
2.29426942607
2.29435469157
2.29464116781
2.29585234483
2.29750128715
2.29925786996
2.30158417087
2.30280153667
2.30335223747
2.30687303154
2.30705864766
2.30795857279
2.31027475834
2.31113569243
2.31234062593
2.31444847148
2.31692883086
2.31736675401
2.32024521312
2.32026232764
2.32196045669
2.32298458361
2.32480300682
2.32609946448
2.32744686175
2.32878769415
2.32985432455
2.33388925625
2.33427104728
2.33603427811
2.33618126465
2.33875671876
2.34033808422
2.34359124224
2.3451530704
2.34671987845
2.35089420634
2.35188189509
2.35307698416
2.35390637743
2.35465746929
2.35541923347
2.3579424001
2.35953223262
2.35976066996
2.36186709534
2.36350294321
2.36364296009
2.3665959191
2.36800938153
2.3711581888
2.37182183477
2.37351153738
2.37621367245
2.37808798378
2.37875560432
2.38035979556
2.38289758659
2.38560177836
2.38620142316
2.38625099039
2.3892088087
2.39035879257
2.39474913884
2.39504961587
2.39644354025
2.39743645852
2.39844828911
2.40122227784
2.40356560511
2.40565972831
2.40670240725
2.40720644181
2.41042290212
2.4131534492
2.41548684821
2.41714889281
2.41726332163
2.41937089857
2.42058059152
2.42557394212
2.42645220636
2.42655806747
2.42813646798
2.43269039654
2.43291185268
2.4354490387
2.43811768451
2.44022310005
2.44038490526
2.44195709481
2.44561543241
2.44802750718
2.45092327323
2.45121188694
2.45340566131
2.45444024153
2.45646480153
2.45773047267
2.45778461514
2.45792921773
2.46193788986
2.46359473023
2.46405086217
2.46504618809
2.46671573328
2.46873470706
2.46877116542
2.47120566712
2.4738419239
2.47631410862
2.47779055882
2.48341578808
2.48577961985
2.48919567421
2.48943237529
2.49222404029
2.4923951232
2.49570835817
2.49582277103
2.49814550679
2.49835010207
2.49995622346
2.50252059897
2.50342153978
2.5049499953
2.50723351275
2.51127294932
2.51234512598
2.51381854449
2.51412250308
2.51593430594
2.51768182686
2.51933103355
2.52049288263
2.52333861538
2.52501880001
2.52564204538
2.52647372244
2.53255942301
2.53545330463
2.53813864445
2.53851738424
2.54043767017
2.5418308304
2.54393202058
2.5453617027
2.5466721456
2.54829077441
2.55213170797
2.55481205732
2.55690800976
2.55845528437
2.55882430862
2.56152090415
2.56340499817
2.56356522534
2.56677183123
2.56987186002
2.57060202427
2.57502576706
2.57545724861
2.57752347995
2.57824405547
2.58016257503
2.58294449659
2.58576212037
2.58637643852
2.59186107119
2.59194228494
2.59395510579
2.59741309546
2.59754997784
2.59923999881
2.60089919004
2.60332241408
2.60459346011
2.60509781265
2.61212829895
2.6129400042
2.61378554465
2.61724276701
2.61728259586
2.62174694366
2.62230746777
2.6247305418
2.62642264227
2.6332212093
2.63342439441
2.63659677748
2.637173179
2.6426383408
2.64268365922
2.64344567042
2.64616098624
2.64871644233
2.6499006705
2.65059628684
2.65377628229
2.6574448792
2.66086941973
2.66192136195
2.66497999412
2.66637762937
2.67002783186
2.67021962124
2.67139159207
2.67448290764
2.67875255718
2.67924653039
2.67999700718
2.68244861272
2.6830707776
2.6844555683
2.68686327149
2.6893545022
2.69154317942
2.69324680523
2.69449349478
2.69460108136
2.69828752424
2.69994370752
2.7029240468
2.70593746869
2.71200933079
2.71375017935
2.71387062005
2.71915718194
2.72000900841
2.72273449379
2.72728661354
2.72966933958
2.73151173136
2.73458405936
2.7348715795
2.73795252145
2.73965475048
2.74555194416
2.74871832505
2.7509335413
2.75286966471
2.75382618706
2.75769808029
2.76113138082
2.76347686493
2.76422918473
2.76479370702
2.76623729061
2.76805137529
2.77259201146
2.77616191018
2.77748244499
2.77829184204
2.77889605072
2.78300801859
2.78322823276
2.78882963975
2.79171457777
2.79174778733
2.79309361162
2.79328231303
2.79788658309
2.80371154438
2.80682154094
2.8077881462
2.80969019666
2.81323786857
2.8165184011
2.82045777174
2.82583136819
2.8258964316
2.82647213885
2.82863855123
2.82957802492
2.83877354603
2.83905424375
2.84324543484
2.84525557381
2.84687214995
2.84802561858
2.84998430829
2.85498986603
2.85670980371
2.86062632487
2.86095707801
2.86545616945
2.86744371415
2.86833084267
2.86837998343
2.87510096902
2.87576556207
2.87860825149
2.88075132354
2.8824434856
2.8836150871
2.88688989563
2.89174338188
2.89559033454
2.89666915523
2.89752188703
2.90225528342
2.90640357981
2.90812669865
2.90991932646
2.91486440497
2.91489409198
2.91779857225
2.91876343754
2.92438748224
2.92880546169
2.93074759637
2.93591527296
2.9370769414
2.93832536683
2.94275142864
2.94282228847
2.94452989515
2.94961400276
2.9499382965
2.95357137473
2.95831825493
2.96047552584
2.9613456647
2.97005080732
2.9716200592
2.97487710786
2.97568616918
2.9776294888
2.9799559989
2.98558127051
2.98771781451
2.99351883309
2.99646662166
3.00071458775
3.00115876339
3.00122169447
3.00552330323
3.00908917907
3.01115948067
3.01250493375
3.01717525597
3.02085197867
3.02295557352
3.02768657115
3.03054022614
3.0379128003
3.0398467125
3.04150832673
3.04494014455
3.05018501392
3.05329922885
3.05600140217
3.0592188154
3.06419555304
3.06682731694
3.06747478126
3.07304638013
3.07310063948
3.07914604778
3.08244542756
3.09348201192
3.09373326788
3.09598048688
3.09745261318
3.09962657445
3.09989878853
3.10130398765
3.10651592119
3.10722413999
3.11305128684
3.11555085163
3.12061263882
3.12219896402
3.12747031904
3.13106672304
3.13804718026
3.13858149932
3.14165091855
3.14438811677
3.1472013073
3.14803303073
3.15265484174
3.1604580637
3.16459842806
3.16748059123
3.16793895917
3.1736149098
3.18030827766
3.18102611008
3.18188153393
3.19174399823
3.19292213594
3.19652444628
3.19785905849
3.20229555498
3.21324729683
3.21733798543
3.22725622617
3.22726817786
3.23079524728
3.23499905663
3.23580422429
3.23895693147
3.24433470119
3.24811872877
3.24903054005
3.25307822593
3.26070466204
3.26448708288
3.26524772904
3.27118122734
3.27237703526
3.28221724358
3.28683031619
3.28957370255
3.29165109482
3.29608617817
3.29788181335
3.30577091237
3.31075784775
3.31364804907
3.31905982543
3.31974844282
3.32330130217
3.33128695096
3.33723924447
3.34008225944
3.34603663101
3.34892997565
3.35444750343
3.35500403304
3.35890238078
3.36544529631
3.36965353846
3.37412281947
3.38212779358
3.38400821471
3.38552194713
3.39207519195
3.4002076059
3.4032567121
3.41074613586
3.41352239923
3.41488104968
3.41791694757
3.42787654023
3.43282313807
3.43341604651
3.43864754476
3.44640053832
3.45225013454
3.45381558369
3.45989078275
3.46312266562
3.47261188763
3.47517059938
3.47800137101
3.48178286718
3.48314474289
3.48650438972
3.49080802315
3.49656779355
3.50190437714
3.51236178841
3.51379659131
3.51934984713
3.52665533456
3.52821106049
3.53776961087
3.5410124058
3.54457612692
3.54730735091
3.5502552214
3.5590372646
3.56124315372
3.56918429966
3.57077666356
3.57924888543
3.5837036067
3.58513013471
3.59535229696
3.59733187267
3.6023862538
3.60981533784
3.61898519223
3.62932757426
3.63598542561
3.6386299853
3.64417554001
3.64622216226
3.64890801923
3.65321468639
3.6604606138
3.67150261263
3.67671615292
3.67779280542
3.68597597814
3.68865850413
3.70348778659
3.70590830728
3.71065663708
3.71778743025
3.72617353259
3.72817361601
3.73765836918
3.74020086189
3.74484089726
3.7480718358
3.76017599396
3.76538622872
3.77035889887
3.77054522122
3.77667036609
3.78162528027
3.78969800889
3.79255513555
3.7946214913
3.80630011087
3.80635049274
3.81721346591
3.8245808208
3.82700260303
3.83164316461
3.83913276381
3.84060980089
3.84517712568
3.8606881492
3.86137252301
3.87085994735
3.88167100086
3.8833096925
3.88839421993
3.89025595537
3.89196971156
3.89719841491
3.91003534306
3.92116521321
3.93044547035
3.93128770479
3.93401903795
3.93971593656
3.94777958811
3.95714457402
3.9656311748
3.97471175069
3.97958674493
3.98014136605
3.99435267217
3.99617085746
4.00226522477
4.01296001871
4.01842014348
4.03115810881
4.03259978374
4.04873307698
4.0522721057
4.0569709249
4.05985705452
4.06514009481
4.06813261753
4.07433095465
4.07973422028
4.08413579126
4.10306516685
4.11430648414
4.11511094809
4.12194424778
4.13072116274
4.13831938804
4.14445493692
4.15068563334
4.15346669066
4.16616507118
4.16941098971
4.17801964733
4.18126027083
4.18784416326
4.18955474409
4.20575879426
4.2057960737
4.21365253955
4.22176528324
4.23021299715
4.23120454026
4.23468829002
4.24714530503
4.25277609206
4.25985358943
4.27263336986
4.27784867554
4.27971707207
4.28747286555
4.29238585421
4.31106481267
4.32004193731
4.33204950658
4.33931913144
4.34578139628
4.35072426206
4.3581283819
4.36452653091
4.3813958226
4.38643163234
4.38765450507
4.40195669113
4.40989604646
4.41557057286
4.41737490792
4.42205468245
4.4374772997
4.44841630814
4.46034223456
4.46087310066
4.46812168213
4.46980164434
4.48642746322
4.49008535323
4.49889246557
4.52748734916
4.53578579494
4.54030117608
4.55419961637
4.56273129066
4.56552823381
4.5724488721
4.57351156661
4.58229370675
4.58518340795
4.59112104853
4.59412831268
4.60337283096
4.61835738278
4.62423682108
4.62687421056
4.63351687213
4.64638125325
4.66763476921
4.66893967449
4.67922405837
4.68866930126
4.68894088872
4.69583848683
4.70799395291
4.71196421821
4.72377817028
4.74745114417
4.74991423816
4.75271990534
4.75657214242
4.77060134234
4.78056012031
4.78621918841
4.7993926752
4.8013945477
4.81491074598
4.81574601418
4.8249771591
4.83170174427
4.8338954008
4.83953628815
4.87412666969
4.88531625453
4.89319459316
4.90077902119
4.9051410831
4.90813775464
4.92862825399
4.94002191846
4.94721988194
4.95463618286
4.9761442711
4.97707507654
4.98384610287
4.98531705809
4.99789705204
5.00143232345
5.00961700063
5.01641560707
5.0250425299
5.04373463412
5.05170256659
5.05678316913
5.05744247534
5.08239464447
5.08393561061
5.09407912401
5.10604998962
5.13310484668
5.13984537412
5.15490543797
5.15554168387
5.16862252371
5.17634292893
5.17637478579
5.17944389407
5.2011923823
5.20592752955
5.21007811114
5.22140264124
5.23128067807
5.25154598064
5.25988975736
5.27497374907
5.28081740486
5.28429188759
5.30321393577
5.30736981749
5.32910000754
5.33562693969
5.35382056321
5.356444088
5.36270242235
5.36911420389
5.38208414297
5.3821470085
5.39698865003
5.40261882539
5.41538997472
5.42376869235
5.43669242151
5.45164362152
5.46910047092
5.47341582716
5.47949629819
5.48461014727
5.49465328263
5.53010071104
5.53391531234
5.55502761707
5.57277190377
5.58274037565
5.58415612062
5.59825827392
5.61609282166
5.63392539236
5.63906292702
5.64454106227
5.66364557169
5.67628987544
5.68632225542
5.70052757554
5.70910113806
5.71441288846
5.71755381237
5.72432484472
5.75023261202
5.75839861357
5.7690828262
5.77195533727
5.77952084999
5.79756547285
5.812882377
5.82043960605
5.82317804406
5.83473151156
5.84891216149
5.86517751027
5.88255524295
5.8954438575
5.91811613281
5.93099125905
5.93139587183
5.95051413391
5.95884579913
5.96456132255
5.98246986561
5.99403216585
6.00075460332
6.00923988521
6.01180739668
6.03006463112
6.04882352941
6.04914096582
6.05915739828
6.07117642037
6.08010194571
6.09918893448
6.12478040361
6.12580051314
6.13048398311
6.14693117278
6.16653407924
6.18710476438
6.19908721061
6.20648599538
6.21293877921
6.22575456277
6.24386868959
6.25244047638
6.26140960826
6.26785048652
6.28369165856
6.29425626033
6.29627903395
6.33936123359
6.34229850709
6.35130720557
6.35190875149
6.36464637943
6.36805028099
6.372965691
6.38809151332
6.39493448997
6.40658347261
6.41568843161
6.44214484446
6.45110927146
6.46378944231
6.46973177666
6.47739408341
6.48764730136
6.48831503061
6.50909216321
6.51651080569
6.52221053835
6.54896667948
6.56421426683
6.56581931044
6.59889025244
6.59945396503
6.61915127443
6.62713633074
6.63167840772
6.63985774805
6.66441156139
6.67687288591
6.71155899656
6.72876950229
6.73024791646
6.74042031071
6.76017292431
6.78138261075
6.78963790446
6.80207438396
6.80284756112
6.81972348398
6.83760618786
6.83772837885
6.84958960228
6.87273235625
6.87444002616
6.88359350699
6.89502379496
6.91201138237
6.91340722531
6.92426601778
6.93335839414
6.95882991179
6.96965086793
6.98770096649
6.99213662395
7.01516103107
7.02082683117
7.04117658659
7.05176468954
7.06812126499
7.08003641005
7.0938738694
7.1039719292
7.12509545252
7.13016174441
7.13455755506
7.17513152804
7.1852127017
7.19563563638
7.21649458831
7.24056605855
7.24396494888
7.24734861965
7.2473800328
7.277729803
7.29327379176
7.31800172356
7.32535649864
7.33517715597
7.34970204365
7.35395675346
7.37531803064
7.38008234237
7.38710073719
7.41021986565
7.42292906169
7.43422306411
7.44629023634
7.45149987718
7.46961929375
7.48385229132
7.49362551081
7.50372624669
7.50677080805
7.52660996893
7.58158490936
7.58800379222
7.59228576783
7.59628449159
7.6078714223
7.62929738743
7.6465125637
7.65017823669
7.69468648356
7.69797305148
7.71423465612
7.72164823668
7.73120756321
7.73932489022
7.74708497862
7.78713180792
7.79070264414
7.80105046154
7.80801415062
7.84671196252
7.87391928177
7.89588089129
7.91325086348
7.91807993428
7.93411397694
7.93985308232
7.95599100438
7.957266602
7.97646602946
8.00367797488
8.00706988376
8.00865176154
8.02999356126
8.04252385484
8.04982775471
8.07208373124
8.07488731974
8.10264069706
8.1027192397
8.12123989427
8.13858261518
8.16063178125
8.17676961645
8.18671069858
8.20157769887
8.22350528857
8.24083374707
8.25112184631
8.3044924535
8.31482635851
8.31600305147
8.33680902499
8.3511164595
8.3560294596
8.3602532452
8.40833229528
8.42673432598
8.43048297687
8.43117328091
8.47276189095
8.48863335843
8.49289793273
8.51349777252
8.54178596482
8.54733312491
8.5567226717
8.5750632762
8.60278832944
8.606415375
8.61689861404
8.63474429437
8.642753735
8.66822559807
8.67913522209
8.70400776546
8.7091948258
8.74783203118
8.74906910836
8.79081451577
8.80028244167
8.82098266784
8.8443339147
8.8460295774
8.88480774407
8.91780263339
8.94650563052
8.96156989302
8.96680202913
8.97205845475
8.99859962419
9.00115227867
9.00453186386
9.03132079428
9.05039592435
9.10945526657
9.1159320306
9.14689609504
9.1680177542
9.16928132035
9.18397693609
9.23967941173
9.24090549737
9.26397495194
9.27867737676
9.28231695774
9.3365623057
9.33866335556
9.34524811417
9.37420359673
9.37992876752
9.42227688233
9.45909011939
9.46251919019
9.48773028045
9.49554668557
9.50822859724
9.52663863857
9.54888636288
9.56926773139
9.58518012048
9.60098825099
9.61531117711
9.62241976332
9.66355217799
9.7076996184
9.70904366807
9.71259097704
9.74235608083
9.7656286311
9.77943693257
9.79494287362
9.82009439326
9.83273998354
9.83998622912
9.91835304395
9.93139109017
9.9533650369
9.9808688697
9.98302674096
9.99889324411
10.0586337187
10.07996632
10.0954561452
10.1023977664
10.1164721091
10.1301301976
10.1357084099
10.1825882703
10.1829454787
10.2423388927
10.2539844843
10.2923980315
10.3156771784
10.3338031665
10.3494031155
10.3525224398
10.3781452086
10.4621338929
10.4721169108
10.48450718
10.4870277359
10.5079387798
10.5119093119
10.5542823151
10.5787676071
10.5925292269
10.5956457667
10.6399416395
10.6658281304
10.66780367
10.688218564
10.7021816733
10.7088560223
10.7183635871
10.7770037432
10.7959520523
10.8074182914
10.8272551369
10.8680749367
10.8731428579
10.9030452793
10.9302559552
10.9655938861
10.9731703459
11.0275479317
11.0289305711
11.0332640268
11.0961287633
11.0965491022
11.1320623654
11.1334826447
11.1676470533
11.1887138095
11.1966500533
11.2166785094
11.2792641456
11.2899483299
11.3305141972
11.3427229631
11.3656471972
11.3724689165
11.3812450587
11.4168199413
11.4670896227
11.4723136387
11.4744461958
11.5226544126
11.5322474757
11.5932159131
11.5968999813
11.6445711104
11.6611926353
11.6883572656
11.7076958246
11.7435499143
11.7629062846
11.8030783912
11.8096291568
11.8317070302
11.8778070867
11.8916593154
11.901312738
11.9443625701
11.987005563
12.0167463126
12.0293260248
12.0572522734
12.0662143591
12.0888290988
12.1277929897
12.1833706188
12.1888086964
12.2115897774
12.2563624575
12.2591459143
12.2697622186
12.3003659981
12.3170343994
12.3393411738
12.3772497362
12.4323832419
12.4617193873
12.5218163075
12.5500752154
12.5571098963
12.6034481715
12.6200360645
12.6485079747
12.6637985922
12.707520209
12.7233387728
12.7487364745
12.7818477766
12.8045262942
12.8687959141
12.8742921512
12.9027572207
12.9947645324
13.0273787397
13.0344317953
13.1017577205
13.1505225952
13.1796296107
13.1914325501
13.2364943906
13.2809530715
13.3022827783
13.3360596392
13.3473048779
13.4004184116
13.4191145773
13.44374368
13.4891037574
13.5198271638
13.5705396944
13.6387240031
13.7294798914
13.7436578844
13.7469143121
13.8425241664
13.8448909144
13.9783436916
14.0159553674
14.0519617292
14.1015476665
14.1111895066
14.1684392518
14.2163577098
14.2214268249
14.2863118724
14.3422280819
14.3963460457
14.4366541979
14.4803814921
14.520298688
14.5723614308
14.6268634213
14.6960841941
14.716556879
14.7773419767
14.8943623821
14.9458911079
14.991413701
15.0037254288
15.1229725245
15.1404019218
15.2123404009
15.2167939285
15.27287414
15.4268478935
15.4423432122
15.5480895516
15.6325151018
15.6738773542
15.7341233822
15.7388535807
15.8080049759
15.8343865286
15.9004747571
15.924503087
15.9758027643
16.1588872003
16.229780164
16.3376295867
16.3953880135
16.441873589
16.5772180303
16.7520664314
16.8364217213
16.854784787
17.0665185698
17.2987275914
17.5440023366
17.6172014881
17.8786946587
17.933203944
18.3083380775
18.3446000448
18.5058382386
18.6229815554
18.7237383744
18.8978591621
19.0348209934
19.084990961
19.4371004728
19.7352883361
19.8810577104
20.0061080558
20.2618291163
20.588873824
21.3206757423
22.2759033881
23.7367571131
24.1817626466
